121	-0.000977535
146	-0.00282895
221	-0.00764117
261	-0.0103441
430	0.00170793
452	0.000675261
474	-0.00131865
496	-0.000856867
518	-0.00406811
540	-0.000447338
562	-0.000702464
673	0.000608363
695	-0.00339627
839	0.00119142
861	-0.000640505
920	-0.00490144
982	-0.000728486
1004	-0.0016249
1027	-0.00748998
1050	-0.00234152
1073	-0.00234152
1110	-0.00383169
1132	-0.00144888
1154	0.000127786
1176	-0.00104598
1198	-0.000400397
1276	0.0011832
1298	-0.00606647
1320	-0.00185584
1361	-0.00283685
1384	0.00106214
1406	0.00206058
1428	-0.00200031
1450	-0.000409559
1472	-0.00657305
1495	0.000181976
1517	-0.00353542
1539	-0.003514
1561	-0.000504354
1584	4.3251e-05
1606	0.000410606
1628	-0.0112886
1693	-0.00483909
1849	0.000417633
1871	-0.00120071
1893	-2.9394e-05
1915	-0.000860466
1937	0.000681286
1959	-0.00123886
1986	0.000498702
2008	5.3027e-05
2030	9.2491e-05
2052	-0.00458502
2074	0.00107382
2096	2.4676e-05
2118	-0.00326135
2141	-0.000658758
2182	-0.00869636
2205	-0.00869636
2338	-0.0087
2361	-0.0087
2384	-0.0114983
2515	-0.00611946
2538	-0.00245365
2700	-0.00139546
2722	-0.00430849
2744	-0.00415068
2766	-0.00860328
2788	-0.00607472
2810	-0.000641923
2832	-0.00356008
2854	-0.00241188
2876	0.00329858
2898	0.000521663
2920	-0.000190526
2942	0.00063745
2964	-0.000117005
2986	-1.358e-05
3008	9.462e-06
3030	8.5354e-05
3052	-1.0818e-05
3074	-7.5694e-05
3096	5.701e-06
3118	0.000286655
3140	3.7315e-05
3162	5.1378e-05
3184	-4.2423e-05
3206	0.000119917
3228	4.132e-05
3250	-3.811e-06
3272	2.0449e-05
3294	2.1381e-05
3316	-7.9519e-05
3338	-4.5169e-05
3360	-7.4539e-05
3382	1.1188e-05
3404	4.9364e-05
3426	-0.000446904
3448	-0.000390697
3470	7.138e-06
3492	-0.000561777
3514	-0.00192458
3536	-6.4728e-05
3607	-0.00826017
3629	-0.00440429
3651	0.00101857
3673	0.000344233
3695	-0.00169107
3717	-1.2725e-05
3739	-0.00249022
3761	-0.000356093
3783	-0.00575451
3832	-0.00361689
3877	0.000439541
3899	0.000192028
3921	0.00092277
3943	0.000166761
3965	-0.000189948
3987	-0.000215547
4009	-0.000785405
4031	-0.00165099
4053	-0.000383766
4075	-0.000110314
4097	0.000852683
4119	-0.00104403
4186	-0.00304733
4208	-0.00378205
4230	-0.000682608
4258	-0.00572788
4281	0.000920284
4303	0.000312744
4325	-0.00293096
4347	-0.00192808
4369	-0.0012385
4524	-0.0050217
4546	0.00174761
4568	-0.00186121
4590	-0.000277866
4612	-0.00250745
4635	-0.00544933
4657	-0.000666065
4679	-0.00203445
4701	-0.00377309
4758	-0.00270952
4780	-0.00280058
4802	-0.00233945
4840	-0.00204275
4862	0.000746382
4884	-0.00368326
4906	-0.00591658
4928	-0.00355874
4950	0.000142996
4972	0.000683882
4994	-0.000199174
5016	0.000694188
5038	0.000272399
5060	0.00064036
5082	-0.000175397
5104	0.000260576
5126	-2.5922e-05
5148	-7.1605e-05
5170	-0.000424116
5192	-0.00639413
5214	-0.00056024
5236	0.000895541
5258	-0.0046057
5280	-0.00293021
5302	9.5126e-05
5324	-0.000717529
5346	-0.000515279
5473	0.00520539
5495	0.000510347
5517	-0.00414246
5539	-0.00204302
5561	-0.000136872
5730	-0.00434284
5752	9.6526e-05
5774	-0.000134068
5796	-0.000349148
5886	0.00203991
5908	0.000485777
5930	-0.00332957
5952	9.3044e-05
5974	-0.00941497
6133	-0.011334
6155	0.000858752
6177	-0.00109981
6199	-0.00173506
6221	-0.00361853
6243	-0.000782611
6265	-0.000913991
6287	0.000925586
6309	0.000564366
6331	0.000501347
6353	-0.000144371
6375	-0.000176745
6397	-0.000233645
6467	7.7502e-05
6489	-0.000677002
6511	-0.00184698
6533	0.000581077
6555	0.00020379
6577	-0.000666211
6599	-0.00161082
6621	0.000580432
6643	-0.00126315
6665	-0.00107195
6687	-0.0115692
6758	-0.000732592
6801	-0.000648663
6887	0.000199551
6951	0.00113296
6973	-0.00186569
6995	-0.00658663
7095	-0.000186158
7117	-0.00301503
7140	-0.000765867
7163	-0.000765867
7189	0.000452416
7211	-0.00502947
7233	-0.000789347
7255	-0.00045686
7277	-1.7617e-05
7299	6.8269e-05
7321	-1.9397e-05
7343	-0.00158897
7365	-0.000796038
7430	-0.004185
7469	-0.000173052
7492	-0.000173052
7515	-0.00623422
7611	3.6339e-05
7633	-0.00124926
7655	0.000704995
7677	0.0002842
7699	6.38e-06
7721	-7.181e-06
7743	-0.0017134
7765	-0.00212214
7787	0.000538614
7809	0.000145846
7831	0.000343257
7853	-0.000188589
7875	-0.000166833
7897	-0.00149298
7919	0.000265305
7941	-0.00416399
7963	4.6048e-05
7985	0.0012602
8007	-0.00542242
8029	0.000503425
8051	0.000636265
8073	-0.00349503
8095	-0.000763664
8118	0.000295482
8140	-0.00178103
8162	0.000288516
8184	0.000397126
8206	0.000194752
8228	-0.000113641
8250	0.000309712
8272	-0.000320451
8294	-0.000607882
8316	-8.392e-06
8345	-0.000713208
8367	-0.0141308
8454	-0.00044173
8611	0.000549975
8633	-0.0112286
8742	-0.00379536
8764	-3.5758e-05
8786	-0.00185142
8860	-0.000187866
8882	-0.00330755
8904	-0.00127832
8926	-0.00233162
8948	-0.000874493
8970	-0.00159153
8992	-0.000893276
9057	-0.00376503
9080	-0.00376503
9258	-0.00178925
9280	-0.000771836
9302	-0.0141446
9423	-0.000574254
9448	0.000808417
9470	0.000504285
9492	0.000229089
9514	0.000105307
9536	4.4724e-05
9558	-8.7923e-05
9580	-0.000441261
9602	-0.00096766
9624	-0.00371369
9646	-0.00574187
9668	-0.00531847
9691	-0.00119775
9713	-0.00239154
9742	0.00056343
9764	0.000420374
9786	5.9919e-05
9808	-2.8751e-05
9830	0.000119303
9852	-0.000275785
9874	-0.000327931
9896	0.000154832
9918	-3.611e-05
9940	-0.000655566
9962	0.000443567
9984	-0.000420612
10006	0.000123344
10028	0.00027578
10050	5.3038e-05
10072	-0.000205117
10094	-3.8525e-05
10116	9.9679e-05
10138	-0.000237283
10160	-0.00022254
10182	-6.4033e-05
10204	0.000208919
10226	2.2033e-05
10248	2.3646e-05
10270	4.20001e-08
10292	8.226e-06
10314	6.4519e-05
10336	2.0975e-05
10358	4.737e-06
10380	-1.646e-05
10402	1.3036e-05
10424	4.7341e-05
10446	6.307e-06
10468	-3.4334e-05
10490	-2.6001e-05
10512	5.154e-06
10534	-1.5992e-05
10556	-6.056e-05
10578	-0.000219693
10600	-7.1446e-05
10622	-0.000418691
10644	0.000191042
10666	1.32e-07
10688	1.1889e-05
10710	8.8409e-05
10732	-0.000104168
10754	-0.000184422
10776	-1.0053e-05
10798	8.1293e-05
10820	0.000114815
10842	-3.4991e-05
10864	0.000233946
10886	-0.000146711
10908	-0.000229094
10945	-0.00120602
10970	-0.00311435
11006	-0.00431084
11124	-0.00352912
11180	0.000876214
11202	-0.000137267
11224	-0.0038333
11246	-0.00272233
11273	-0.00653415
11296	-0.00041953
11319	-0.00041953
11355	-0.00037502
11378	-0.00037502
11403	0.000741318
11425	-0.00212605
11447	-0.000222664
11469	-0.0107852
11505	-0.00419016
11612	0.000349851
11634	-0.00828228
11682	-0.00247282
11716	0.00100365
11738	-0.000830147
11761	0.000577633
11783	-0.000995599
11805	-0.0121366
11841	-0.00311362
11863	-5.5876e-05
11885	-0.00209415
11907	-0.00241512
11930	-0.00113594
11952	0.000635608
11974	-0.00217374
11996	-0.00233616
12046	-0.00102324
12068	0.000646781
12090	-0.00422519
12113	-0.00290255
12135	-0.00197663
12157	0.000172399
12179	1.8871e-05
12201	0.000201227
12223	-0.00510201
12245	-0.00659605
12267	-0.00138562
12289	-0.00722646
12311	-0.000729963
12333	0.000667093
12355	-0.00013194
12377	-0.00157252
12400	0.000951216
12423	0.000951216
12445	-0.000509283
12467	0.000767117
12489	-0.00429391
12512	-0.000947433
12534	0.00164501
12575	-0.000961252
12597	-0.0113823
12634	-0.00793052
12657	-0.00793052
12679	-0.0038674
12701	-0.00168173
12723	-0.00246368
12745	-0.00182359
12833	0.000511103
12855	-0.0143497
13187	0.000413634
13209	0.000193026
13231	0.000184455
13253	0.000269783
13275	-0.00043558
13297	-0.000172229
13319	-0.00365308
13383	-0.00121923
13405	-0.00333421
13471	-0.00149476
13493	-0.00224084
13515	0.00152373
13537	-0.000540062
13559	-0.00150844
13581	-0.00780902
13645	-0.000821206
13667	-0.000677689
13689	-0.00245601
13711	-0.00564592
13733	-0.000816248
13755	-0.000308019
13777	-0.00625878
13799	0.00104899
13821	0.00176532
13843	6.7223e-05
13865	0.000519551
13887	-0.000219465
13909	-0.00189904
13931	-0.00238841
13953	0.000713021
13975	-0.00172831
14011	0.0003783
14033	-0.00531799
14056	-0.00216824
14079	-0.00131588
14101	0.000965
14123	-0.00154839
14145	-0.000212458
14167	-0.000343938
14189	-0.00334832
14211	-0.0015539
14237	0.00172006
14259	0.000805563
14281	1.563e-05
14303	0.000485918
14325	-6.0049e-05
14347	-0.000873385
14370	-0.00130508
14392	-0.00452827
14414	0.00103782
14436	-6.2612e-05
14494	-0.000461276
14516	0.000905274
14538	0.000598097
14560	-0.00472976
14680	0.00038002
14702	-0.000566858
14724	-0.000120447
14748	-0.000936832
14770	0.000803778
14792	0.000312974
14814	2.7172e-05
14836	2.5952e-05
14858	-8.4956e-05
14880	1.8094e-05
14902	5.9709e-05
14924	1.1712e-05
14946	6.5723e-05
14968	-0.000752864
14990	6.8854e-05
15012	0.000135997
15034	5.6264e-05
15056	-9.3632e-05
15078	-0.000447649
15100	-0.000358213
15122	0.000410604
15144	-0.000319877
15166	-0.00307807
15188	-0.00207762
15210	-0.0017365
15233	0.000341178
15255	-0.00298248
15277	-0.00328658
15306	-0.000741826
15328	-0.000185787
15350	-0.00313831
15373	-0.000816885
15396	-0.00305148
15419	-0.00305148
15442	-0.000839144
15464	0.000701781
15486	0.000392298
15508	-0.0010081
15531	-0.00134933
15553	-0.00421157
15575	-0.00250531
15619	0.000186997
15641	-0.00105286
15663	-0.000279251
15685	0.000643956
15707	0.000230816
15729	-0.000495334
15751	0.000205549
15773	-0.000930742
15795	-0.00228308
15817	0.000651811
15839	-0.00135974
15862	0.000271681
15884	-0.0014405
15906	-0.00017876
15928	-0.000545879
15962	0.000193826
15984	0.00110733
16006	-5.1698e-05
16028	-4.134e-06
16050	-0.00107996
16072	-0.000358216
16095	-0.000931019
16117	-0.000205827
16139	-0.00403879
16161	-0.0111479
16183	-0.0008915
16205	-0.0010473
16227	0.00032893
16249	0.000431118
16271	-0.000953036
16293	0.000302972
16315	-0.000426112
16337	0.000678885
16359	-0.0045825
16381	-0.00261993
16403	-0.00725272
16425	0.000321693
16447	-0.000621227
16469	-0.00298338
16491	0.000718794
16513	-0.00584563
16535	-2.4572e-05
16557	-0.00228028
16579	-0.00284955
16601	-0.00413652
16623	-0.00119735
16646	-0.00184673
16675	-0.00119895
16697	-0.000251112
16720	-0.00100867
16742	-0.00224515
16765	-0.00128979
16787	-0.0046936
16809	-0.00101366
16831	-0.000945832
16853	-0.00195075
16875	0.000713354
16897	-0.00147038
16919	-0.0012004
16941	0.000651162
16963	0.000236317
16986	-0.000602382
17008	-0.00107494
17030	-0.000562275
17052	-0.000428671
17075	-0.00280305
17097	-0.000843592
17119	-2.1686e-05
17142	-0.000216033
17164	-0.000533272
17186	0.000242394
17208	-0.00622795
17230	-0.000174055
17252	-0.00605717
17274	-0.0042098
17297	-0.00160197
17319	-0.00272339
17341	-0.00057346
17363	-0.000135282
17385	-0.000154526
