111	1.38625e-319
153	1.41515e-319
195	1.42666e-319
237	1.43818e-319
279	1.44969e-319
321	1.4609e-319
363	1.4696e-319
405	1.48151e-319
447	1.49307e-319
489	1.50463e-319
531	1.51614e-319
573	1.52735e-319
615	1.53595e-319
657	1.54746e-319
699	1.55937e-319
741	1.57088e-319
783	1.58239e-319
825	1.59104e-319
867	1.6023e-319
909	1.55631e-321
951	2.1393e-321
993	3.31518e-321
1035	4.50588e-321
1077	5.56812e-321
1119	6.48708e-321
1161	7.67284e-321
1203	8.83883e-321
1245	1.00789e-320
1287	1.12993e-320
1329	1.25888e-320
1371	1.34633e-320
1413	1.46737e-320
1455	1.63289e-320
1497	1.76332e-320
1539	1.87893e-320
1581	1.99504e-320
1623	2.08249e-320
1665	2.1976e-320
1707	2.31272e-320
1749	2.42784e-320
1791	2.54296e-320
1833	2.65807e-320
1875	2.74206e-320
1917	2.86113e-320
1959	2.97675e-320
2001	3.09236e-320
2043	3.20747e-320
2085	3.3137e-320
2127	3.40559e-320
2169	3.52071e-320
2211	3.63583e-320
2253	3.7549e-320
2295	3.87002e-320
2337	3.955e-320
2379	4.07061e-320
2421	4.18572e-320
2463	4.30084e-320
2505	4.41596e-320
2547	4.53503e-320
2589	4.61803e-320
2631	4.73315e-320
2673	4.84827e-320
2715	4.96388e-320
2757	5.07949e-320
2799	5.19461e-320
2841	5.28156e-320
2883	5.39668e-320
2925	5.5118e-320
2967	5.62691e-320
3009	5.74203e-320
3051	5.85418e-320
3093	5.94065e-320
3135	6.05626e-320
3177	6.17533e-320
3219	6.29044e-320
3261	6.40556e-320
3303	6.51771e-320
3345	6.60368e-320
3387	6.7188e-320
3429	6.83392e-320
3471	6.95348e-320
3513	7.06909e-320
3555	7.17532e-320
3597	7.26721e-320
3639	7.38233e-320
3681	7.49745e-320
3723	7.61256e-320
3765	7.73163e-320
3807	7.826e-320
3849	7.93025e-320
3891	8.04536e-320
3933	8.16098e-320
3975	8.27609e-320
4017	8.39121e-320
4059	8.48953e-320
4101	8.59328e-320
4143	8.7084e-320
4185	8.82352e-320
4227	8.93864e-320
4269	9.05474e-320
4311	9.1417e-320
4353	9.25385e-320
4395	9.37292e-320
4437	9.48804e-320
4479	9.60315e-320
4521	9.71827e-320
4563	9.80127e-320
4605	9.91639e-320
4647	1.0032e-319
4689	1.01516e-319
4731	1.02667e-319
4773	1.03793e-319
4815	1.04653e-319
4857	1.05809e-319
4899	1.0696e-319
4941	1.08111e-319
4983	1.09302e-319
5025	1.10458e-319
5067	1.11293e-319
5109	1.12444e-319
5151	1.13596e-319
5193	1.14747e-319
5235	1.15898e-319
5277	1.17019e-319
5319	1.17919e-319
5361	1.19085e-319
5403	1.20241e-319
5445	1.21397e-319
5487	1.22548e-319
5529	1.2367e-319
5571	1.24529e-319
5613	1.2572e-319
5655	1.26876e-319
5697	1.28027e-319
5739	1.29178e-319
5781	1.30305e-319
5823	1.31169e-319
5865	1.32321e-319
5907	1.33511e-319
5949	1.34663e-319
5991	1.35814e-319
6033	1.36935e-319
6075	1.37795e-319
6117	1.38951e-319
6159	1.40107e-319
6201	1.41303e-319
6243	1.42454e-319
6285	1.43605e-319
6327	1.44435e-319
6369	1.45586e-319
6411	1.46737e-319
6453	1.47889e-319
6495	1.4904e-319
6537	1.50235e-319
6579	1.5107e-319
6621	1.52222e-319
6663	1.53373e-319
6705	1.54524e-319
6747	1.55675e-319
6789	1.56797e-319
6831	1.57696e-319
6873	1.58847e-319
6915	1.60003e-319
6957	1.65018e-321
6999	1.91697e-321
7041	3.05827e-321
7083	3.92288e-321
7125	5.11358e-321
7167	6.26475e-321
7209	7.42087e-321
7251	8.61156e-321
7293	9.81708e-321
7335	1.07163e-320
7377	1.19514e-320
7419	1.3236e-320
7461	1.44514e-320
7503	1.60028e-320
7545	1.73466e-320
7587	1.82409e-320
7629	1.9402e-320
7671	2.05581e-320
7713	2.17142e-320
7755	2.29049e-320
7797	2.40264e-320
7839	2.48861e-320
7881	2.60373e-320
7923	2.71884e-320
7965	2.83396e-320
8007	2.94908e-320
8049	3.06864e-320
8091	3.15461e-320
8133	3.26726e-320
8175	3.38237e-320
8217	3.49749e-320
8259	3.61261e-320
8301	3.72773e-320
8343	3.84383e-320
8385	3.9298e-320
8427	4.04689e-320
8469	4.16201e-320
8511	4.27762e-320
8553	4.39274e-320
8595	4.50785e-320
8637	4.59086e-320
8679	4.70993e-320
8721	4.82505e-320
8763	4.94016e-320
8805	5.05577e-320
8847	5.17089e-320
8889	5.2865e-320
8931	5.36951e-320
8973	5.48858e-320
9015	5.60369e-320
9057	5.71881e-320
9099	5.83393e-320
9141	5.94904e-320
9183	6.05527e-320
9225	6.14766e-320
9267	6.26722e-320
9309	6.38234e-320
9351	6.49746e-320
9393	6.61257e-320
9435	6.72769e-320
9477	6.84281e-320
9519	6.95002e-320
9561	7.04587e-320
9603	7.16148e-320
9645	7.27709e-320
9687	7.39221e-320
9729	7.50733e-320
9771	7.62244e-320
9813	7.73756e-320
9855	7.85268e-320
9897	7.93963e-320
9939	8.05475e-320
9981	8.17036e-320
10023	8.28597e-320
10065	8.40109e-320
10107	8.51621e-320
10149	8.59921e-320
10191	8.71828e-320
10233	8.8334e-320
10275	8.94901e-320
10317	9.06413e-320
10359	9.17134e-320
10401	9.26373e-320
10443	9.37885e-320
10485	9.49792e-320
10527	9.61304e-320
10569	9.69604e-320
10611	9.81116e-320
10653	9.92627e-320
10695	1.00414e-319
10737	1.01511e-319
10779	1.02445e-319
10821	1.03596e-319
10863	1.04752e-319
10905	1.05903e-319
10947	1.07025e-319
10989	1.07884e-319
11031	1.09035e-319
11073	1.10187e-319
11115	1.11382e-319
11157	1.12538e-319
11199	1.13428e-319
11241	1.14519e-319
11283	1.15671e-319
11325	1.16822e-319
11367	1.17973e-319
11409	1.19164e-319
11451	1.20009e-319
11493	1.21165e-319
11535	1.22321e-319
11577	1.23472e-319
11619	1.24623e-319
11661	1.25685e-319
11703	1.26644e-319
11745	1.278e-319
11787	1.2901e-319
11829	1.30162e-319
11871	1.31318e-319
11913	1.32153e-319
11955	1.33304e-319
11997	1.34495e-319
12039	1.35646e-319
12081	1.36797e-319
12123	1.37948e-319
12165	1.38783e-319
12207	1.39934e-319
12249	1.4109e-319
12291	1.42246e-319
12333	1.43437e-319
12375	1.44588e-319
12417	1.45739e-319
12459	1.4657e-319
12501	1.47721e-319
12543	1.48872e-319
12585	1.50023e-319
12627	1.51219e-319
12669	1.52375e-319
12711	1.53496e-319
12753	1.54356e-319
12795	1.55507e-319
12837	1.56658e-319
12879	1.5781e-319
12921	1.59e-319
12963	1.5983e-319
13005	1.48714e-321
13047	1.74899e-321
13089	2.91993e-321
13131	4.07604e-321
13173	4.90607e-321
13215	6.09677e-321
13257	7.25288e-321
13299	8.44358e-321
13341	9.27361e-321
13383	1.05335e-320
13425	1.17736e-320
13467	1.26975e-320
13509	1.38635e-320
13551	1.5489e-320
13593	1.65413e-320
13635	1.77518e-320
13677	1.89128e-320
13719	1.99751e-320
13761	2.0899e-320
13803	2.20501e-320
13845	2.32458e-320
13887	2.4397e-320
13929	2.55481e-320
13971	2.66993e-320
14013	2.78505e-320
14055	2.90017e-320
14097	3.01479e-320
14139	3.10224e-320
14181	3.21785e-320
14223	3.33346e-320
14265	3.44858e-320
14307	3.5637e-320
14349	3.67881e-320
14391	3.79393e-320
14433	3.8799e-320
14475	3.996e-320
14517	4.1126e-320
14559	4.22821e-320
14601	4.34383e-320
14643	4.45894e-320
14685	4.56813e-320
14727	4.65706e-320
14769	4.77613e-320
14811	4.89125e-320
14853	5.00637e-320
14895	5.12148e-320
14937	5.20498e-320
14979	5.32059e-320
15021	5.43571e-320
15063	5.55478e-320
15105	5.6699e-320
15147	5.78501e-320
15189	5.90013e-320
15231	6.01525e-320
15273	6.13037e-320
15315	6.24598e-320
15357	6.36159e-320
15399	6.48066e-320
15441	6.59578e-320
15483	6.702e-320
15525	6.7939e-320
15567	6.90901e-320
15609	7.02413e-320
15651	7.13925e-320
15693	7.25881e-320
15735	7.37442e-320
15777	7.48954e-320
15819	7.60466e-320
15861	7.71978e-320
15903	7.83193e-320
15945	7.9179e-320
15987	8.03697e-320
16029	8.15208e-320
16071	8.26769e-320
16113	8.38331e-320
16155	8.49842e-320
16197	8.61354e-320
16239	8.72569e-320
16281	8.81166e-320
16323	8.93073e-320
16365	9.04634e-320
16407	9.16195e-320
16449	9.27756e-320
16491	9.39268e-320
16533	9.50829e-320
16575	9.62341e-320
16617	9.74248e-320
16659	9.8576e-320
16701	9.96975e-320
16743	1.00557e-319
16785	1.01708e-319
16827	1.0286e-319
16869	1.04021e-319
16911	1.05216e-319
16953	1.06367e-319
16995	1.07519e-319
17037	1.0867e-319
17079	1.09791e-319
17121	1.10651e-319
17163	1.11802e-319
17205	1.12953e-319
17247	1.14149e-319
17289	1.15305e-319
17331	1.16456e-319
17373	1.17286e-319
17415	1.18437e-319
17457	1.19589e-319
17499	1.2074e-319
17541	1.2193e-319
17583	1.23008e-319
17625	1.23931e-319
17667	1.25088e-319
17709	1.26239e-319
17751	1.27395e-319
17793	1.28546e-319
17835	1.29707e-319
17877	1.30567e-319
17919	1.31718e-319
17961	1.32869e-319
18003	1.34025e-319
18045	1.35181e-319
18087	1.36332e-319
18129	1.37484e-319
18171	1.38679e-319
18213	1.39509e-319
18255	1.4066e-319
18297	1.41812e-319
18339	1.42963e-319
18381	1.44119e-319
18423	1.45275e-319
18465	1.46377e-319
18507	1.47296e-319
18549	1.48447e-319
18591	1.49598e-319
18633	1.50749e-319
18675	1.51619e-319
18717	1.5274e-319
18759	1.53936e-319
18801	1.55087e-319
18843	1.56243e-319
18885	1.57073e-319
18927	1.58225e-319
18969	1.59376e-319
19011	1.60527e-319
19053	1.4822e-321
19095	2.15413e-321
19137	3.33494e-321
19179	4.16497e-321
19221	5.32109e-321
19263	6.47226e-321
19305	7.33687e-321
19347	8.49793e-321
19389	9.76274e-321
19431	1.09781e-320
19473	1.22133e-320
19515	1.34435e-320
19557	1.4654e-320
19599	1.6314e-320
19641	1.76134e-320
19683	1.87251e-320
19725	1.9649e-320
19767	2.08002e-320
19809	2.19513e-320
19851	2.31025e-320
19893	2.42537e-320
19935	2.54098e-320
19977	2.66054e-320
20019	2.74355e-320
20061	2.85866e-320
20103	2.97378e-320
20145	3.0889e-320
20187	3.20402e-320
20229	3.31123e-320
20271	3.40312e-320
20313	3.52269e-320
20355	3.6383e-320
20397	3.75342e-320
20439	3.83642e-320
20481	3.95154e-320
20523	4.06665e-320
20565	4.18177e-320
20607	4.26873e-320
20649	4.38533e-320
20691	4.50094e-320
20733	4.58444e-320
20775	4.69955e-320
20817	4.81467e-320
20859	4.92979e-320
20901	5.04886e-320
20943	5.16397e-320
20985	5.27909e-320
21027	5.39421e-320
21069	5.50982e-320
21111	5.62543e-320
21153	5.74055e-320
21195	5.8527e-320
21237	5.95102e-320
21279	6.05774e-320
21321	6.17286e-320
21363	6.28797e-320
21405	6.40309e-320
21447	6.5187e-320
21489	6.63431e-320
21531	6.75338e-320
21573	6.8685e-320
21615	6.98362e-320
21657	7.09577e-320
21699	7.18174e-320
21741	7.29686e-320
21783	7.41197e-320
21825	7.53154e-320
21867	7.64715e-320
21909	7.76227e-320
21951	7.87442e-320
21993	7.96039e-320
22035	8.0755e-320
22077	8.19062e-320
22119	8.30574e-320
22161	8.42481e-320
22203	8.54042e-320
22245	8.65554e-320
22287	8.77115e-320
22329	8.88626e-320
22371	9.00188e-320
22413	9.11749e-320
22455	9.22766e-320
22497	9.32252e-320
22539	9.43468e-320
22581	9.54979e-320
22623	9.66541e-320
22665	9.78102e-320
22707	9.89613e-320
22749	1.00152e-319
22791	1.01303e-319
22833	1.02454e-319
22875	1.03606e-319
22917	1.04762e-319
22959	1.05621e-319
23001	1.06748e-319
23043	1.07904e-319
23085	1.09095e-319
23127	1.10246e-319
23169	1.11397e-319
23211	1.12548e-319
23253	1.13699e-319
23295	1.14821e-319
23337	1.15681e-319
23379	1.16876e-319
23421	1.18032e-319
23463	1.19183e-319
23505	1.20335e-319
23547	1.21486e-319
23589	1.22637e-319
23631	1.23788e-319
23673	1.24939e-319
23715	1.2613e-319
23757	1.27306e-319
23799	1.28462e-319
23841	1.29613e-319
23883	1.30764e-319
23925	1.31916e-319
23967	1.33067e-319
24009	1.34257e-319
24051	1.35409e-319
24093	1.3656e-319
24135	1.37686e-319
24177	1.38783e-319
24219	1.39707e-319
24261	1.40858e-319
24303	1.42049e-319
24345	1.432e-319
24387	1.44351e-319
24429	1.45502e-319
24471	1.46654e-319
24513	1.47805e-319
24555	1.48961e-319
24597	1.50117e-319
24639	1.51308e-319
24681	1.52459e-319
24723	1.5361e-319
24765	1.54761e-319
24807	1.55912e-319
24849	1.57063e-319
24891	1.58215e-319
24933	1.5941e-319
24975	1.60566e-319
25017	1.4822e-321
25059	2.49009e-321
25101	3.6215e-321
25143	4.77267e-321
25185	5.69164e-321
25227	6.82305e-321
25269	8.0088e-321
25311	9.1748e-321
25353	1.04149e-320
25395	1.16698e-320
25437	1.29149e-320
25479	1.40858e-320
25521	1.56816e-320
25563	1.70798e-320
25605	1.82903e-320
25647	1.94514e-320
25689	2.06075e-320
25731	2.17636e-320
25773	2.29148e-320
25815	2.40659e-320
25857	2.52566e-320
25899	2.64078e-320
25941	2.7559e-320
25983	2.87102e-320
26025	2.98613e-320
26067	3.10174e-320
26109	3.21686e-320
26151	3.33643e-320
26193	3.45154e-320
26235	3.56666e-320
26277	3.68178e-320
26319	3.79689e-320
26361	3.91201e-320
26403	4.02713e-320
26445	4.14274e-320
26487	4.26181e-320
26529	4.37742e-320
26571	4.49254e-320
26613	4.60766e-320
26655	4.71981e-320
26697	4.83493e-320
26739	4.93522e-320
26781	5.03996e-320
26823	5.15656e-320
26865	5.27217e-320
26907	5.38779e-320
26949	5.5029e-320
26991	5.61802e-320
27033	5.73314e-320
27075	5.85221e-320
27117	5.96732e-320
27159	6.08244e-320
27201	6.19756e-320
27243	6.31317e-320
27285	6.42878e-320
27327	6.5439e-320
27369	6.65902e-320
27411	6.77809e-320
27453	6.8932e-320
27495	7.00832e-320
27537	7.12344e-320
27579	7.23856e-320
27621	7.35417e-320
27663	7.46978e-320
27705	7.58885e-320
27747	7.70397e-320
27789	7.81908e-320
27831	7.9342e-320
27873	8.04932e-320
27915	8.16542e-320
27957	8.28054e-320
27999	8.4001e-320
28041	8.51572e-320
28083	8.63083e-320
28125	8.74595e-320
28167	8.86107e-320
28209	8.97668e-320
28251	9.09229e-320
28293	9.20741e-320
28335	9.32648e-320
28377	9.43912e-320
28419	9.54831e-320
28461	9.66985e-320
28503	9.77904e-320
28545	9.8823e-320
28587	9.99742e-320
28629	1.01051e-319
28671	1.02202e-319
28713	1.03354e-319
28755	1.04515e-319
28797	1.05666e-319
28839	1.06822e-319
28881	1.07973e-319
28923	1.09164e-319
28965	1.10315e-319
29007	1.11466e-319
29049	1.12617e-319
29091	1.13768e-319
29133	1.1492e-319
29175	1.16076e-319
29217	1.17232e-319
29259	1.18423e-319
29301	1.19574e-319
29343	1.20725e-319
29385	1.21876e-319
29427	1.23027e-319
29469	1.24178e-319
29511	1.2533e-319
29553	1.26525e-319
29595	1.27686e-319
29637	1.28837e-319
29679	1.29989e-319
29721	1.3114e-319
29763	1.32291e-319
29805	1.33442e-319
29847	1.34633e-319
29889	1.35799e-319
29931	1.36866e-319
29973	1.38022e-319
30015	1.38976e-319
30057	1.40181e-319
30099	1.41248e-319
30141	1.424e-319
30183	1.4359e-319
30225	1.44801e-319
30267	1.45952e-319
30309	1.47108e-319
30351	1.48264e-319
30393	1.49415e-319
30435	1.50567e-319
30477	1.51757e-319
30519	1.52908e-319
30561	1.5406e-319
30603	1.55211e-319
30645	1.56362e-319
30687	1.57518e-319
30729	1.58674e-319
30771	1.59865e-319
30813	1.48714e-321
30855	1.7737e-321
30897	2.94463e-321
30939	4.10074e-321
30981	5.25192e-321
31023	6.40309e-321
31065	7.59379e-321
31107	8.79931e-321
31149	1.00345e-320
31191	1.12252e-320
31233	1.24455e-320
31275	1.36115e-320
31317	1.46194e-320
31359	1.62152e-320
31401	1.75838e-320
31443	1.87498e-320
31485	1.99059e-320
31527	2.1062e-320
31569	2.22132e-320
31611	2.33644e-320
31653	2.45155e-320
31695	2.57062e-320
31737	2.68574e-320
31779	2.80086e-320
31821	2.91598e-320
31863	3.03159e-320
31905	3.1472e-320
31947	3.26232e-320
31989	3.37743e-320
32031	3.4965e-320
32073	3.61162e-320
32115	3.72674e-320
32157	3.84185e-320
32199	3.95697e-320
32241	4.07258e-320
32283	4.18819e-320
32325	4.30726e-320
32367	4.42238e-320
32409	4.5375e-320
32451	4.65262e-320
32493	4.76773e-320
32535	4.88285e-320
32577	4.99797e-320
32619	5.11753e-320
32661	5.23314e-320
32703	5.34826e-320
32745	5.45448e-320
32787	5.55774e-320
32829	5.6615e-320
32871	5.77662e-320
32913	5.89173e-320
32955	6.0108e-320
32997	6.1279e-320
33039	6.24351e-320
33081	6.35862e-320
33123	6.47374e-320
33165	6.58886e-320
33207	6.70398e-320
33249	6.82305e-320
33291	6.93816e-320
33333	7.05328e-320
33375	7.16889e-320
33417	7.2845e-320
33459	7.39962e-320
33501	7.51474e-320
33543	7.63381e-320
33585	7.74893e-320
33627	7.86404e-320
33669	7.97027e-320
33711	8.06216e-320
33753	8.17777e-320
33795	8.29289e-320
33837	8.4085e-320
33879	8.52757e-320
33921	8.64269e-320
33963	8.75781e-320
34005	8.87292e-320
34047	8.98854e-320
34089	9.10415e-320
34131	9.21926e-320
34173	9.33883e-320
34215	9.45444e-320
34257	9.56956e-320
34299	9.66985e-320
34341	9.76768e-320
34383	9.8828e-320
34425	9.99791e-320
34467	1.0117e-319
34509	1.02321e-319
34551	1.03477e-319
34593	1.04638e-319
34635	1.05789e-319
34677	1.06941e-319
34719	1.08092e-319
34761	1.09243e-319
34803	1.10434e-319
34845	1.11585e-319
34887	1.12736e-319
34929	1.13892e-319
34971	1.15048e-319
35013	1.16199e-319
35055	1.1735e-319
35097	1.18541e-319
35139	1.19692e-319
35181	1.20844e-319
35223	1.21995e-319
35265	1.23146e-319
35307	1.24302e-319
35349	1.25458e-319
35391	1.26649e-319
35433	1.27805e-319
35475	1.28926e-319
35517	1.30018e-319
35559	1.30937e-319
35601	1.32088e-319
35643	1.3324e-319
35685	1.34396e-319
35727	1.35586e-319
35769	1.36743e-319
35811	1.37894e-319
35853	1.3905e-319
35895	1.40201e-319
35937	1.41352e-319
35979	1.42503e-319
36021	1.43694e-319
36063	1.4486e-319
36105	1.46016e-319
36147	1.47172e-319
36189	1.48323e-319
36231	1.49475e-319
36273	1.50626e-319
36315	1.51777e-319
36357	1.52968e-319
36399	1.54124e-319
36441	1.55275e-319
36483	1.56431e-319
36525	1.57587e-319
36567	1.58738e-319
36609	1.5989e-319
36651	1.51184e-321
36693	1.83792e-321
36735	3.00886e-321
36777	4.16497e-321
36819	5.31615e-321
36861	6.47226e-321
36903	7.66296e-321
36945	8.86354e-321
36987	1.00987e-320
37029	1.1319e-320
37071	1.2569e-320
37113	1.36757e-320
37155	1.52271e-320
37197	1.6319e-320
37239	1.76678e-320
37281	1.88288e-320
37323	1.9985e-320
37365	2.11361e-320
37407	2.22873e-320
37449	2.34385e-320
37491	2.45896e-320
37533	2.57408e-320
37575	2.69315e-320
37617	2.80876e-320
37659	2.92437e-320
37701	3.03949e-320
37743	3.15461e-320
37785	3.26973e-320
37827	3.38484e-320
37869	3.50391e-320
37911	3.61903e-320
37953	3.73415e-320
37995	3.84976e-320
38037	3.96241e-320
38079	4.07752e-320
38121	4.18078e-320
38163	4.28256e-320
38205	4.39768e-320
38247	4.5128e-320
38289	4.62791e-320
38331	4.74303e-320
38373	4.85864e-320
38415	4.97376e-320
38457	5.08937e-320
38499	5.20844e-320
38541	5.32356e-320
38583	5.43867e-320
38625	5.55379e-320
38667	5.66891e-320
38709	5.78501e-320
38751	5.90013e-320
38793	6.0197e-320
38835	6.12641e-320
38877	6.21831e-320
38919	6.33343e-320
38961	6.44854e-320
39003	6.56366e-320
39045	6.67878e-320
39087	6.7939e-320
39129	6.91445e-320
39171	7.03006e-320
39213	7.14567e-320
39255	7.26079e-320
39297	7.37591e-320
39339	7.49102e-320
39381	7.59725e-320
39423	7.6931e-320
39465	7.80821e-320
39507	7.92333e-320
39549	8.03894e-320
39591	8.15455e-320
39633	8.26967e-320
39675	8.38479e-320
39717	8.49991e-320
39759	8.61898e-320
39801	8.73409e-320
39843	8.84921e-320
39885	8.96482e-320
39927	9.05128e-320
39969	9.16393e-320
40011	9.27954e-320
40053	9.39861e-320
40095	9.51373e-320
40137	9.62885e-320
40179	9.74396e-320
40221	9.85908e-320
40263	9.9653e-320
40305	1.00572e-319
40347	1.01768e-319
40389	1.02924e-319
40431	1.0408e-319
40473	1.05231e-319
40515	1.06382e-319
40557	1.07533e-319
40599	1.08685e-319
40641	1.09806e-319
40683	1.10938e-319
40725	1.11861e-319
40767	1.13018e-319
40809	1.14169e-319
40851	1.1532e-319
40893	1.16471e-319
40935	1.17622e-319
40977	1.18813e-319
41019	1.19964e-319
41061	1.21115e-319
41103	1.22271e-319
41145	1.23427e-319
41187	1.24579e-319
41229	1.2573e-319
41271	1.26906e-319
41313	1.27983e-319
41355	1.28902e-319
41397	1.30053e-319
41439	1.31204e-319
41481	1.3236e-319
41523	1.33511e-319
41565	1.34667e-319
41607	1.35858e-319
41649	1.37009e-319
41691	1.38161e-319
41733	1.39025e-319
41775	1.40147e-319
41817	1.41298e-319
41859	1.42449e-319
41901	1.43645e-319
41943	1.44801e-319
41985	1.45952e-319
42027	1.47103e-319
42069	1.48254e-319
42111	1.49405e-319
42153	1.50557e-319
42195	1.51416e-319
42237	1.52592e-319
42279	1.53753e-319
42321	1.54909e-319
42363	1.56061e-319
42405	1.57212e-319
42447	1.58363e-319
42489	1.59514e-319
42531	1.60705e-319
42573	1.5316e-321
42615	2.30729e-321
42657	3.47328e-321
42699	4.6294e-321
42741	5.78057e-321
42783	6.93174e-321
42825	8.13726e-321
42867	8.99694e-321
42909	1.02321e-320
42951	1.14821e-320
42993	1.27321e-320
43035	1.3903e-320
43077	1.54544e-320
43119	1.65463e-320
43161	1.77962e-320
43203	1.89573e-320
43245	2.00788e-320
43287	2.09385e-320
43329	2.20897e-320
43371	2.32408e-320
43413	2.4397e-320
43455	2.55926e-320
43497	2.67438e-320
43539	2.75738e-320
43581	2.8725e-320
43623	2.98761e-320
43665	3.10273e-320
43707	3.21785e-320
43749	3.33692e-320
43791	3.42042e-320
43833	3.53553e-320
43875	3.65115e-320
43917	3.76626e-320
43959	3.88138e-320
44001	3.9965e-320
44043	4.10272e-320
44085	4.19857e-320
44127	4.31369e-320
44169	4.4293e-320
44211	4.54442e-320
44253	4.66003e-320
44295	4.77218e-320
44337	4.85815e-320
44379	4.97722e-320
44421	5.09233e-320
44463	5.20745e-320
44505	5.32257e-320
44547	5.43769e-320
44589	5.55033e-320
44631	5.63679e-320
44673	5.75586e-320
44715	5.87098e-320
44757	5.9861e-320
44799	6.10122e-320
44841	6.21633e-320
44883	6.32256e-320
44925	6.41445e-320
44967	6.53402e-320
45009	6.64963e-320
45051	6.76475e-320
45093	6.87986e-320
45135	6.99498e-320
45177	7.1101e-320
45219	7.22522e-320
45261	7.32255e-320
45303	7.42877e-320
45345	7.54438e-320
45387	7.65999e-320
45429	7.77511e-320
45471	7.89023e-320
45513	8.00535e-320
45555	8.08835e-320
45597	8.20742e-320
45639	8.32254e-320
45681	8.43765e-320
45723	8.55326e-320
45765	8.63676e-320
45807	8.75188e-320
45849	8.867e-320
45891	8.98656e-320
45933	9.09921e-320
45975	9.18517e-320
46017	9.30029e-320
46059	9.41541e-320
46101	9.53102e-320
46143	9.61452e-320
46185	9.72963e-320
46227	9.8487e-320
46269	9.93171e-320
46311	1.00468e-319
46353	1.01619e-319
46395	1.0278e-319
46437	1.03937e-319
46479	1.05093e-319
46521	1.05967e-319
46563	1.07118e-319
46605	1.0827e-319
46647	1.09421e-319
46689	1.10572e-319
46731	1.11723e-319
46773	1.12874e-319
46815	1.14065e-319
46857	1.149e-319
46899	1.16056e-319
46941	1.17207e-319
46983	1.18358e-319
47025	1.1951e-319
47067	1.20631e-319
47109	1.21525e-319
47151	1.22681e-319
47193	1.23833e-319
47235	1.24989e-319
47277	1.26145e-319
47319	1.26975e-319
47361	1.28126e-319
47403	1.29277e-319
47445	1.30468e-319
47487	1.31619e-319
47529	1.32449e-319
47571	1.336e-319
47613	1.34756e-319
47655	1.35913e-319
47697	1.36743e-319
47739	1.37933e-319
47781	1.39089e-319
47823	1.40241e-319
47865	1.41362e-319
47907	1.42222e-319
47949	1.43373e-319
47991	1.44529e-319
48033	1.4572e-319
48075	1.46876e-319
48117	1.48027e-319
48159	1.49178e-319
48201	1.503e-319
48243	1.51159e-319
48285	1.52311e-319
48327	1.53506e-319
48369	1.54677e-319
48411	1.55828e-319
48453	1.56955e-319
48495	1.57814e-319
48537	1.58966e-319
48579	1.60117e-319
48621	1.52666e-321
48663	2.12448e-321
48705	2.97428e-321
48747	4.13533e-321
48789	5.2865e-321
48831	6.44262e-321
48873	7.62837e-321
48915	8.46829e-321
48957	9.73309e-321
48999	1.09485e-320
49041	1.21837e-320
49083	1.332e-320
49125	1.42489e-320
49167	1.58447e-320
49209	1.72132e-320
49251	1.84583e-320
49293	1.92982e-320
49335	2.04494e-320
49377	2.16006e-320
49419	2.27517e-320
49461	2.39029e-320
49503	2.50541e-320
49545	2.62497e-320
49587	2.71143e-320
49629	2.82359e-320
49671	2.9387e-320
49713	3.05382e-320
49755	3.16894e-320
49797	3.28405e-320
49839	3.36706e-320
49881	3.48613e-320
49923	3.60174e-320
49965	3.71735e-320
50007	3.83247e-320
50049	3.91547e-320
50091	4.03059e-320
50133	4.1457e-320
50175	4.26477e-320
50217	4.37989e-320
50259	4.46289e-320
50301	4.57851e-320
50343	4.69412e-320
50385	4.80923e-320
50427	4.89224e-320
50469	5.01131e-320
50511	5.12643e-320
50553	5.24154e-320
50595	5.32455e-320
50637	5.43966e-320
50679	5.55527e-320
50721	5.63877e-320
50763	5.75784e-320
50805	5.87296e-320
50847	5.98808e-320
50889	6.10319e-320
50931	6.1862e-320
50973	6.30131e-320
51015	6.41643e-320
51057	6.53204e-320
51099	6.65161e-320
51141	6.76672e-320
51183	6.87591e-320
51225	6.96484e-320
51267	7.07996e-320
51309	7.19508e-320
51351	7.3102e-320
51393	7.43075e-320
51435	7.54636e-320
51477	7.62986e-320
51519	7.74497e-320
51561	7.86009e-320
51603	7.97521e-320
51645	8.09032e-320
51687	8.20939e-320
51729	8.31562e-320
51771	8.40752e-320
51813	8.52313e-320
51855	8.63874e-320
51897	8.75386e-320
51939	8.86897e-320
51981	8.98162e-320
52023	9.07154e-320
52065	9.18715e-320
52107	9.30227e-320
52149	9.41739e-320
52191	9.533e-320
52233	9.64861e-320
52275	9.76373e-320
52317	9.87983e-320
52359	9.9658e-320
52401	1.00809e-319
52443	1.0196e-319
52485	1.03112e-319
52527	1.04268e-319
52569	1.05424e-319
52611	1.06614e-319
52653	1.07741e-319
52695	1.08601e-319
52737	1.09752e-319
52779	1.10903e-319
52821	1.12054e-319
52863	1.13205e-319
52905	1.14327e-319
52947	1.15231e-319
52989	1.16382e-319
53031	1.17538e-319
53073	1.18689e-319
53115	1.19811e-319
53157	1.20671e-319
53199	1.21822e-319
53241	1.23012e-319
53283	1.24164e-319
53325	1.24999e-319
53367	1.2615e-319
53409	1.27306e-319
53451	1.28457e-319
53493	1.29287e-319
53535	1.30478e-319
53577	1.31629e-319
53619	1.3278e-319
53661	1.33753e-319
53703	1.34761e-319
53745	1.35917e-319
53787	1.37074e-319
53829	1.38225e-319
53871	1.3942e-319
53913	1.40572e-319
53955	1.41693e-319
53997	1.42553e-319
54039	1.43704e-319
54081	1.44855e-319
54123	1.46011e-319
54165	1.47207e-319
54207	1.48358e-319
54249	1.4942e-319
54291	1.50339e-319
54333	1.5149e-319
54375	1.52642e-319
54417	1.53798e-319
54459	1.54974e-319
54501	1.55838e-319
54543	1.56994e-319
54585	1.58145e-319
54627	1.59297e-319
54669	1.60127e-319
54711	1.5316e-321
54753	2.07508e-321
54795	3.24601e-321
54837	4.08098e-321
54879	5.2371e-321
54921	6.39321e-321
54963	7.57897e-321
55005	8.65109e-321
55047	9.60464e-321
55089	1.05434e-320
55131	1.17785e-320
55173	1.27024e-320
55215	1.35473e-320
55257	1.50937e-320
55299	1.59929e-320
55341	1.73763e-320
55383	1.82755e-320
55425	1.94365e-320
55467	2.05877e-320
55509	2.17389e-320
55551	2.28999e-320
55593	2.40215e-320
55635	2.48861e-320
55677	2.60817e-320
55719	2.72329e-320
55761	2.83841e-320
55803	2.95352e-320
55845	3.04246e-320
55887	3.15164e-320
55929	3.26676e-320
55971	3.38583e-320
56013	3.50144e-320
56055	3.61705e-320
56097	3.70006e-320
56139	3.81517e-320
56181	3.93029e-320
56223	4.04541e-320
56265	4.16053e-320
56307	4.27663e-320
56349	4.3626e-320
56391	4.47821e-320
56433	4.59382e-320
56475	4.70894e-320
56517	4.82406e-320
56559	4.93028e-320
56601	5.02613e-320
56643	5.14125e-320
56685	5.25636e-320
56727	5.37148e-320
56769	5.48709e-320
56811	5.59381e-320
56853	5.68571e-320
56895	5.80478e-320
56937	5.91989e-320
56979	6.03501e-320
57021	6.15013e-320
57063	6.25932e-320
57105	6.34924e-320
57147	6.46485e-320
57189	6.58441e-320
57231	6.69953e-320
57273	6.81465e-320
57315	6.92087e-320
57357	7.01277e-320
57399	7.12789e-320
57441	7.243e-320
57483	7.35812e-320
57525	7.47917e-320
57567	7.56513e-320
57609	7.67778e-320
57651	7.7929e-320
57693	7.90801e-320
57735	8.02313e-320
57777	8.13825e-320
57819	8.25435e-320
57861	8.34032e-320
57903	8.45593e-320
57945	8.57105e-320
57987	8.68666e-320
58029	8.80178e-320
58071	8.908e-320
58113	9.00435e-320
58155	9.11996e-320
58197	9.23508e-320
58239	9.35019e-320
58281	9.4658e-320
58323	9.57796e-320
58365	9.66442e-320
58407	9.77954e-320
58449	9.89861e-320
58491	1.00137e-319
58533	1.01288e-319
58575	1.0241e-319
58617	1.0327e-319
58659	1.04426e-319
58701	1.05582e-319
58743	1.06777e-319
58785	1.07929e-319
58827	1.0908e-319
58869	1.10231e-319
58911	1.11382e-319
58953	1.12212e-319
58995	1.13363e-319
59037	1.14554e-319
59079	1.1571e-319
59121	1.16866e-319
59163	1.18017e-319
59205	1.19139e-319
59247	1.19999e-319
59289	1.2115e-319
59331	1.22341e-319
59373	1.23492e-319
59415	1.24643e-319
59457	1.25478e-319
59499	1.26634e-319
59541	1.27785e-319
59583	1.28936e-319
59625	1.30058e-319
59667	1.30957e-319
59709	1.32108e-319
59751	1.33259e-319
59793	1.34411e-319
59835	1.35246e-319
59877	1.36402e-319
59919	1.37553e-319
59961	1.38748e-319
60003	1.39578e-319
60045	1.4073e-319
60087	1.41881e-319
60129	1.43032e-319
60171	1.44183e-319
60213	1.4531e-319
60255	1.46214e-319
60297	1.47365e-319
60339	1.48516e-319
60381	1.49667e-319
60423	1.50818e-319
60465	1.51649e-319
60507	1.528e-319
60549	1.53956e-319
60591	1.55166e-319
60633	1.56322e-319
60675	1.57474e-319
60717	1.58304e-319
60759	1.59455e-319
60801	1.60606e-319
60843	1.4822e-321
60885	2.56914e-321
60927	3.64126e-321
60969	4.56517e-321
61011	5.72128e-321
61053	6.87245e-321
61095	8.06809e-321
61137	9.13033e-321
61179	1.01728e-320
61221	1.14179e-320
61263	1.26728e-320
61305	1.37202e-320
61347	1.50542e-320
61389	1.64573e-320
61431	1.76974e-320
61473	1.8567e-320
61515	1.9728e-320
61557	2.08792e-320
61599	2.20304e-320
61641	2.28604e-320
61683	2.40116e-320
61725	2.51677e-320
61767	2.62942e-320
61809	2.71934e-320
61851	2.83445e-320
61893	2.94957e-320
61935	3.06469e-320
61977	3.17981e-320
62019	3.29492e-320
62061	3.41004e-320
62103	3.52071e-320
62145	3.61261e-320
62187	3.72822e-320
62229	3.84334e-320
62271	3.95845e-320
62313	4.07357e-320
62355	4.18869e-320
62397	4.29887e-320
62439	4.39076e-320
62481	4.50637e-320
62523	4.62841e-320
62565	4.74402e-320
62607	4.85914e-320
62649	4.94214e-320
62691	5.06121e-320
62733	5.17633e-320
62775	5.29144e-320
62817	5.39767e-320
62859	5.48956e-320
62901	5.60517e-320
62943	5.72079e-320
62985	5.8359e-320
63027	5.92286e-320
63069	6.03798e-320
63111	6.15309e-320
63153	6.26821e-320
63195	6.35121e-320
63237	6.46633e-320
63279	6.58194e-320
63321	6.70151e-320
63363	6.78451e-320
63405	6.89963e-320
63447	7.01474e-320
63489	7.12986e-320
63531	7.21583e-320
63573	7.32798e-320
63615	7.44853e-320
63657	7.56415e-320
63699	7.67679e-320
63741	7.76276e-320
63783	7.87788e-320
63825	7.99299e-320
63867	8.10811e-320
63909	8.19507e-320
63951	8.31018e-320
63993	8.4253e-320
64035	8.54091e-320
64077	8.62441e-320
64119	8.73953e-320
64161	8.85464e-320
64203	8.97371e-320
64245	9.05721e-320
64287	9.17282e-320
64329	9.28794e-320
64371	9.40306e-320
64413	9.48655e-320
64455	9.60217e-320
64497	9.71728e-320
64539	9.83635e-320
64581	9.91936e-320
64623	1.00345e-319
64665	1.01496e-319
64707	1.02657e-319
64749	1.03487e-319
64791	1.04327e-319
64833	1.05523e-319
64875	1.06353e-319
64917	1.07504e-319
64959	1.08334e-319
65001	1.09455e-319
65043	1.10315e-319
65085	1.11145e-319
65127	1.12336e-319
65169	1.13171e-319
65211	1.14327e-319
65253	1.15157e-319
65295	1.15987e-319
65337	1.17138e-319
65379	1.17968e-319
65421	1.19159e-319
65463	1.19989e-319
65505	1.20819e-319
65547	1.21975e-319
65589	1.2281e-319
65631	1.23961e-319
65673	1.24791e-319
65715	1.25913e-319
65757	1.26812e-319
65799	1.27642e-319
65841	1.28793e-319
65883	1.29623e-319
65925	1.30779e-319
65967	1.31614e-319
66009	1.32444e-319
66051	1.33635e-319
66093	1.34465e-319
66135	1.35616e-319
66177	1.36446e-319
66219	1.37276e-319
66261	1.38427e-319
66303	1.39267e-319
66345	1.40463e-319
66387	1.41293e-319
66429	1.42153e-319
66471	1.43274e-319
66513	1.44104e-319
66555	1.45255e-319
66597	1.46085e-319
66639	1.47291e-319
66681	1.48126e-319
66723	1.48961e-319
66765	1.50112e-319
66807	1.50942e-319
66849	1.52093e-319
66891	1.52923e-319
66933	1.53813e-319
66975	1.55008e-319
67017	1.55838e-319
67059	1.56994e-319
67101	1.57829e-319
67143	1.58951e-319
67185	1.5981e-319
67227	1.60641e-319
67269	1.49702e-321
67311	2.28258e-321
67353	3.44364e-321
67395	4.27367e-321
67437	5.10864e-321
67479	6.26475e-321
67521	7.09478e-321
67563	8.32995e-321
67605	9.15998e-321
67647	1.0074e-320
67689	1.12943e-320
67731	1.21935e-320
67773	1.34188e-320
67815	1.42637e-320
67857	1.5899e-320
67899	1.69366e-320
67941	1.78259e-320
67983	1.89869e-320
68025	1.9817e-320
68067	2.09681e-320
68109	2.17982e-320
68151	2.26677e-320
68193	2.38238e-320
68235	2.46588e-320
68277	2.581e-320
68319	2.664e-320
68361	2.747e-320
68403	2.86212e-320
68445	2.94513e-320
68487	3.0642e-320
68529	3.1472e-320
68571	3.26281e-320
68613	3.34631e-320
68655	3.42931e-320
68697	3.54443e-320
68739	3.62743e-320
68781	3.7465e-320
68823	3.8295e-320
68865	3.91251e-320
68907	4.02762e-320
68949	4.11112e-320
68991	4.22673e-320
69033	4.30973e-320
69075	4.4288e-320
69117	4.51181e-320
69159	4.62692e-320
69201	4.70993e-320
69243	4.82505e-320
69285	4.90805e-320
69327	5.02366e-320
69369	5.11111e-320
69411	5.22623e-320
69453	5.34134e-320
69495	5.45646e-320
69537	5.53946e-320
69579	5.65458e-320
69621	5.7697e-320
69663	5.8863e-320
69705	5.97375e-320
69747	6.08936e-320
69789	6.20448e-320
69831	6.31959e-320
69873	6.4026e-320
69915	6.51771e-320
69957	6.63283e-320
69999	6.7519e-320
70041	6.84182e-320
70083	6.95052e-320
70125	7.06613e-320
70167	7.18124e-320
70209	7.2934e-320
70251	7.37936e-320
70293	7.49843e-320
70335	7.61355e-320
70377	7.7257e-320
70419	7.81167e-320
70461	7.92728e-320
70503	8.04289e-320
70545	8.15505e-320
70587	8.24497e-320
70629	8.36008e-320
70671	8.4752e-320
70713	8.58735e-320
70755	8.67332e-320
70797	8.78844e-320
70839	8.90405e-320
70881	9.02114e-320
70923	9.10761e-320
70965	9.22272e-320
71007	9.33784e-320
71049	9.45296e-320
71091	9.53596e-320
71133	9.65108e-320
71175	9.7662e-320
71217	9.88576e-320
71259	9.96926e-320
71301	1.00844e-319
71343	1.01995e-319
71385	1.0284e-319
71427	1.03981e-319
71469	1.05132e-319
71511	1.06234e-319
71553	1.07153e-319
71595	1.08309e-319
71637	1.09436e-319
71679	1.10295e-319
71721	1.11446e-319
71763	1.12568e-319
71805	1.13467e-319
71847	1.14618e-319
71889	1.15769e-319
71931	1.16599e-319
71973	1.17756e-319
72015	1.18912e-319
72057	1.19742e-319
72099	1.20932e-319
72141	1.22084e-319
72183	1.22914e-319
72225	1.24065e-319
72267	1.25216e-319
72309	1.26046e-319
72351	1.27202e-319
72393	1.28398e-319
72435	1.2946e-319
72477	1.30379e-319
72519	1.3153e-319
72561	1.32538e-319
72603	1.38146e-319
72645	1.39272e-319
72687	1.40186e-319
72729	1.41342e-319
72771	1.42498e-319
72813	1.4362e-319
72855	1.4448e-319
72897	1.45631e-319
72939	1.46782e-319
72981	1.47933e-319
73023	1.49124e-319
73065	1.49954e-319
73107	1.5111e-319
73149	1.52266e-319
73191	1.53417e-319
73233	1.54568e-319
73275	1.55403e-319
73317	1.56594e-319
73359	1.57745e-319
73401	1.58896e-319
73443	1.59959e-319
73485	1.48714e-321
73527	1.62548e-321
73569	2.81617e-321
73611	4.01181e-321
73653	4.84184e-321
73695	5.99302e-321
73737	7.14913e-321
73779	8.32007e-321
73821	9.17974e-321
73863	1.04198e-320
73905	1.17192e-320
73947	1.26431e-320
73989	1.38091e-320
74031	1.53753e-320
74073	1.63832e-320
74115	1.76579e-320
74157	1.8814e-320
74199	1.96885e-320
74241	2.08446e-320
74283	2.16796e-320
74325	2.28308e-320
74367	2.39523e-320
74409	2.4812e-320
74451	2.59631e-320
74493	2.71143e-320
74535	2.8305e-320
74577	2.93673e-320
74619	3.02912e-320
74661	3.14473e-320
74703	3.25985e-320
74745	3.37496e-320
74787	3.48712e-320
74829	3.57704e-320
74871	3.69215e-320
74913	3.80727e-320
74955	3.92239e-320
74997	4.00588e-320
75039	4.1215e-320
75081	4.23661e-320
75123	4.35568e-320
75165	4.46191e-320
75207	4.5538e-320
75249	4.66892e-320
75291	4.78503e-320
75333	4.88532e-320
75375	4.98364e-320
75417	5.1032e-320
75459	5.21832e-320
75501	5.30132e-320
75543	5.41644e-320
75585	5.53156e-320
75627	5.61456e-320
75669	5.72968e-320
75711	5.84628e-320
75753	5.95695e-320
75795	6.04934e-320
75837	6.16446e-320
75879	6.24746e-320
75921	6.36258e-320
75963	6.44854e-320
76005	6.5607e-320
76047	6.67977e-320
76089	6.76277e-320
76131	6.87838e-320
76173	6.99399e-320
76215	7.10911e-320
76257	7.22423e-320
76299	7.3102e-320
76341	7.4263e-320
76383	7.54142e-320
76425	7.65654e-320
76467	7.77165e-320
76509	7.85515e-320
76551	7.97076e-320
76593	8.08588e-320
76635	8.20495e-320
76677	8.32007e-320
76719	8.40307e-320
76761	8.51819e-320
76803	8.6333e-320
76845	8.74842e-320
76887	8.83192e-320
76929	8.94802e-320
76971	9.06709e-320
77013	9.1827e-320
77055	9.26571e-320
77097	9.38082e-320
77139	9.49594e-320
77181	9.61106e-320
77223	9.69406e-320
77265	9.81363e-320
77307	9.92924e-320
77349	1.00122e-319
77391	1.01274e-319
77433	1.02425e-319
77475	1.03255e-319
77517	1.04411e-319
77559	1.05513e-319
77601	1.06432e-319
77643	1.07588e-319
77685	1.08423e-319
77727	1.09574e-319
77769	1.10404e-319
77811	1.11555e-319
77853	1.12746e-319
77895	1.13808e-319
77937	1.14727e-319
77979	1.15878e-319
78021	1.17034e-319
78063	1.18101e-319
78105	1.1902e-319
78147	1.20211e-319
78189	1.21362e-319
78231	1.22484e-319
78273	1.23343e-319
78315	1.24495e-319
78357	1.25646e-319
78399	1.26772e-319
78441	1.27676e-319
78483	1.28828e-319
78525	1.29979e-319
78567	1.311e-319
78609	1.3196e-319
78651	1.33111e-319
78693	1.34262e-319
78735	1.35399e-319
78777	1.36303e-319
78819	1.37459e-319
78861	1.3861e-319
78903	1.39766e-319
78945	1.40596e-319
78987	1.41747e-319
79029	1.42899e-319
79071	1.44089e-319
79113	1.44924e-319
79155	1.46075e-319
79197	1.47232e-319
79239	1.48383e-319
79281	1.49326e-319
79323	1.50364e-319
79365	1.51555e-319
79407	1.52706e-319
79449	1.53536e-319
79491	1.54692e-319
79533	1.55853e-319
79575	1.56683e-319
79617	1.57834e-319
79659	1.59025e-319
79701	1.59855e-319
79743	1.48714e-321
79785	1.76381e-321
79827	2.93475e-321
79869	4.0958e-321
79911	4.92583e-321
79953	6.12147e-321
79995	7.27759e-321
80037	8.46829e-321
80079	9.69357e-321
80121	1.05532e-320
80163	1.17884e-320
80205	1.30433e-320
80247	1.42489e-320
80289	1.57558e-320
80331	1.68872e-320
80373	1.80976e-320
80415	1.92587e-320
80457	2.04099e-320
80499	2.12399e-320
80541	2.23911e-320
80583	2.35818e-320
80625	2.46489e-320
80667	2.55679e-320
80709	2.6724e-320
80751	2.78752e-320
80793	2.87052e-320
80835	2.98564e-320
80877	3.10174e-320
80919	3.18771e-320
80961	3.30283e-320
81003	3.38633e-320
81045	3.50144e-320
81087	3.58494e-320
81129	3.70006e-320
81171	3.78701e-320
81213	3.90213e-320
81255	4.00835e-320
81297	4.10025e-320
81339	4.2124e-320
81381	4.29887e-320
81423	4.41448e-320
81465	4.53355e-320
81507	4.64866e-320
81549	4.73167e-320
81591	4.84678e-320
81633	4.9619e-320
81675	5.07702e-320
81717	5.19214e-320
81759	5.28107e-320
81801	5.39618e-320
81843	5.5118e-320
81885	5.62691e-320
81927	5.74203e-320
81969	5.82503e-320
82011	5.94015e-320
82053	6.05527e-320
82095	6.17434e-320
82137	6.25784e-320
82179	6.37295e-320
82221	6.48856e-320
82263	6.60368e-320
82305	6.69805e-320
82347	6.8018e-320
82389	6.92087e-320
82431	7.03599e-320
82473	7.11899e-320
82515	7.2346e-320
82557	7.35021e-320
82599	7.43322e-320
82641	7.54833e-320
82683	7.63529e-320
82725	7.75041e-320
82767	7.86553e-320
82809	7.94952e-320
82851	8.06463e-320
82893	8.14813e-320
82935	8.26374e-320
82977	8.3507e-320
83019	8.46581e-320
83061	8.54882e-320
83103	8.66394e-320
83145	8.77905e-320
83187	8.89417e-320
83229	8.97767e-320
83271	9.09377e-320
83313	9.21284e-320
83355	9.32845e-320
83397	9.44357e-320
83439	9.55869e-320
83481	9.64169e-320
83523	9.75681e-320
83565	9.87193e-320
83607	9.991e-320
83649	1.01066e-319
83691	1.02128e-319
83733	1.03052e-319
83775	1.04208e-319
83817	1.05359e-319
83859	1.06511e-319
83901	1.0738e-319
83943	1.08531e-319
83985	1.09683e-319
84027	1.10839e-319
84069	1.11901e-319
84111	1.12825e-319
84153	1.13976e-319
84195	1.15167e-319
84237	1.15997e-319
84279	1.17148e-319
84321	1.18299e-319
84363	1.19129e-319
84405	1.20285e-319
84447	1.21436e-319
84489	1.22311e-319
84531	1.23462e-319
84573	1.24292e-319
84615	1.25443e-319
84657	1.26594e-319
84699	1.27424e-319
84741	1.28576e-319
84783	1.29747e-319
84825	1.30937e-319
84867	1.32004e-319
84909	1.32923e-319
84951	1.34075e-319
84993	1.35226e-319
85035	1.36199e-319
85077	1.37266e-319
85119	1.38457e-319
85161	1.39618e-319
85203	1.40478e-319
85245	1.41604e-319
85287	1.42755e-319
85329	1.43907e-319
85371	1.44737e-319
85413	1.45927e-319
85455	1.47078e-319
85497	1.4823e-319
85539	1.49065e-319
85581	1.50216e-319
85623	1.51372e-319
85665	1.52523e-319
85707	1.53393e-319
85749	1.54544e-319
85791	1.557e-319
85833	1.56851e-319
85875	1.57681e-319
85917	1.58837e-319
85959	1.59988e-319
86001	1.4822e-321
86043	1.60077e-321
86085	2.79147e-321
86127	3.94758e-321
86169	5.09876e-321
86211	5.92879e-321
86253	7.07996e-321
86295	8.28054e-321
86337	9.1501e-321
86379	1.03902e-320
86421	1.12894e-320
86463	1.2569e-320
86505	1.34139e-320
86547	1.46243e-320
86589	1.58447e-320
86631	1.72478e-320
86673	1.81371e-320
86715	1.92982e-320
86757	2.01332e-320
86799	2.12843e-320
86841	2.21144e-320
86883	2.32656e-320
86925	2.41351e-320
86967	2.52863e-320
87009	2.61163e-320
87051	2.72724e-320
87093	2.81025e-320
87135	2.92586e-320
87177	3.00886e-320
87219	3.12793e-320
87261	3.24305e-320
87303	3.32605e-320
87345	3.44117e-320
87387	3.52417e-320
87429	3.63978e-320
87471	3.7549e-320
87513	3.8384e-320
87555	3.95747e-320
87597	4.06962e-320
87639	4.15559e-320
87681	4.2707e-320
87723	4.35371e-320
87765	4.46882e-320
87807	4.58592e-320
87849	4.67287e-320
87891	4.78848e-320
87933	4.87149e-320
87975	4.9866e-320
88017	5.10172e-320
88059	5.18472e-320
88101	5.29984e-320
88143	5.41002e-320
88185	5.50241e-320
88227	5.61753e-320
88269	5.70102e-320
88311	5.81614e-320
88353	5.92829e-320
88395	6.01426e-320
88437	6.13333e-320
88479	6.21633e-320
88521	6.33145e-320
88563	6.44706e-320
88605	6.53007e-320
88647	6.64568e-320
88689	6.72868e-320
88731	6.84775e-320
88773	6.96287e-320
88815	7.04587e-320
88857	7.16099e-320
88899	7.26721e-320
88941	7.3596e-320
88983	7.47472e-320
89025	7.55822e-320
89067	7.67729e-320
89109	7.7924e-320
89151	7.87541e-320
89193	7.99052e-320
89235	8.07353e-320
89277	8.18864e-320
89319	8.30426e-320
89361	8.39121e-320
89403	8.50682e-320
89445	8.61898e-320
89487	8.70494e-320
89529	8.82006e-320
89571	8.90306e-320
89613	9.01867e-320
89655	9.13527e-320
89697	9.22124e-320
89739	9.33685e-320
89781	9.42035e-320
89823	9.53547e-320
89865	9.65058e-320
89907	9.73359e-320
89949	9.85266e-320
89991	9.93566e-320
90033	1.00508e-319
90075	1.01659e-319
90117	1.02494e-319
90159	1.0365e-319
90201	1.04806e-319
90243	1.05957e-319
90285	1.07148e-319
90327	1.0821e-319
90369	1.09129e-319
90411	1.1028e-319
90453	1.11432e-319
90495	1.12588e-319
90537	1.13423e-319
90579	1.14613e-319
90621	1.15765e-319
90663	1.16916e-319
90705	1.18037e-319
90747	1.18897e-319
90789	1.20048e-319
90831	1.21214e-319
90873	1.2241e-319
90915	1.23245e-319
90957	1.24396e-319
90999	1.25547e-319
91041	1.26669e-319
91083	1.27528e-319
91125	1.28679e-319
91167	1.2987e-319
91209	1.307e-319
91251	1.31856e-319
91293	1.33012e-319
91335	1.33842e-319
91377	1.34994e-319
91419	1.35824e-319
91461	1.37014e-319
91503	1.37844e-319
91545	1.39e-319
91587	1.3983e-319
91629	1.40987e-319
91671	1.41822e-319
91713	1.42973e-319
91755	1.43803e-319
91797	1.44672e-319
91839	1.45823e-319
91881	1.46975e-319
91923	1.48136e-319
91965	1.48966e-319
92007	1.50122e-319
92049	1.50957e-319
92091	1.52148e-319
92133	1.53299e-319
92175	1.54129e-319
92217	1.55285e-319
92259	1.56115e-319
92301	1.57266e-319
92343	1.58417e-319
92385	1.59292e-319
92427	1.60448e-319
92469	1.4822e-321
92511	2.03555e-321
92553	3.20649e-321
92595	4.04146e-321
92637	5.19263e-321
92679	6.38333e-321
92721	7.2183e-321
92763	8.41394e-321
92805	9.57499e-321
92847	1.04989e-320
92889	1.1739e-320
92931	1.26629e-320
92973	1.38289e-320
93015	1.50838e-320
93057	1.6487e-320
93099	1.73664e-320
93141	1.85522e-320
93183	1.9397e-320
93225	2.05482e-320
93267	2.13782e-320
93309	2.25689e-320
93351	2.33989e-320
93393	2.44612e-320
93435	2.539e-320
93477	2.62201e-320
93519	2.73762e-320
93561	2.82111e-320
93603	2.94018e-320
93645	3.02319e-320
93687	3.1383e-320
93729	3.22131e-320
93771	3.33643e-320
93813	3.41943e-320
93855	3.53603e-320
93897	3.62348e-320
93939	3.71834e-320
93981	3.82209e-320
94023	3.90509e-320
94065	4.02021e-320
94107	4.10322e-320
94149	4.21833e-320
94191	4.30134e-320
94233	4.42041e-320
94275	4.5039e-320
94317	4.61951e-320
94359	4.70252e-320
94401	4.81763e-320
94443	4.90064e-320
94485	5.01575e-320
94527	5.10271e-320
94569	5.18868e-320
94611	5.30083e-320
94653	5.38433e-320
94695	5.49994e-320
94737	5.58294e-320
94779	5.69806e-320
94821	5.78501e-320
94863	5.90013e-320
94905	5.98313e-320
94947	6.09825e-320
94989	6.18126e-320
95031	6.29687e-320
95073	6.38036e-320
95115	6.49943e-320
95157	6.58244e-320
95199	6.68866e-320
95241	6.78056e-320
95283	6.86356e-320
95325	6.97868e-320
95367	7.06464e-320
95409	7.17729e-320
95451	7.29389e-320
95493	7.37986e-320
95535	7.49498e-320
95577	7.57798e-320
95619	7.6931e-320
95661	7.7761e-320
95703	7.89122e-320
95745	7.97817e-320
95787	8.09378e-320
95829	8.17728e-320
95871	8.2924e-320
95913	8.3754e-320
95955	8.49052e-320
95997	8.57352e-320
96039	8.69259e-320
96081	8.77559e-320
96123	8.89071e-320
96165	8.9747e-320
96207	9.09081e-320
96249	9.17381e-320
96291	9.28893e-320
96333	9.40503e-320
96375	9.491e-320
96417	9.60612e-320
96459	9.68912e-320
96501	9.80424e-320
96543	9.88774e-320
96585	1.00033e-319
96627	1.00903e-319
96669	1.02054e-319
96711	1.02884e-319
96753	1.0404e-319
96795	1.0487e-319
96837	1.06022e-319
96879	1.06866e-319
96921	1.08023e-319
96963	1.08897e-319
97005	1.10048e-319
97047	1.10878e-319
97089	1.12029e-319
97131	1.12859e-319
97173	1.14011e-319
97215	1.14841e-319
97257	1.16036e-319
97299	1.17163e-319
97341	1.18027e-319
97383	1.19179e-319
97425	1.20009e-319
97467	1.2116e-319
97509	1.22222e-319
97551	1.2318e-319
97593	1.24332e-319
97635	1.25162e-319
97677	1.26318e-319
97719	1.27385e-319
97761	1.28304e-319
97803	1.29455e-319
97845	1.30325e-319
97887	1.31476e-319
97929	1.32597e-319
97971	1.33457e-319
98013	1.34608e-319
98055	1.35443e-319
98097	1.36599e-319
98139	1.3779e-319
98181	1.38625e-319
98223	1.39776e-319
98265	1.40606e-319
98307	1.41757e-319
98349	1.42879e-319
98391	1.43739e-319
98433	1.44934e-319
98475	1.45769e-319
98517	1.4692e-319
98559	1.48071e-319
98601	1.48902e-319
98643	1.50053e-319
98685	1.50883e-319
98727	1.52034e-319
98769	1.53225e-319
98811	1.5406e-319
98853	1.55216e-319
98895	1.56046e-319
98937	1.57197e-319
98979	1.58348e-319
99021	1.59178e-319
99063	1.60369e-319
99105	1.4822e-321
99147	1.9565e-321
99189	3.13238e-321
99231	3.97229e-321
99273	5.12346e-321
99315	5.95349e-321
99357	7.14913e-321
99399	8.33983e-321
99441	9.16986e-321
99483	1.0405e-320
99525	1.13042e-320
99567	1.25888e-320
99609	1.37597e-320
99651	1.46886e-320
99693	1.96292e-320
99735	2.05482e-320
99777	2.16994e-320
99819	2.28505e-320
99861	2.40017e-320
99903	2.50788e-320
99945	2.60027e-320
99987	2.71983e-320
100029	2.83495e-320
100071	2.95007e-320
100113	3.06222e-320
100155	3.14819e-320
100197	3.2633e-320
100239	3.37842e-320
100281	3.49749e-320
100323	3.58099e-320
100365	3.6966e-320
100407	3.81172e-320
100449	3.92683e-320
100491	4.00984e-320
100533	4.12495e-320
100575	4.24402e-320
100617	4.35914e-320
100659	4.44214e-320
100701	4.55776e-320
100743	4.67337e-320
100785	4.78848e-320
100827	4.87149e-320
100869	4.99056e-320
100911	5.10567e-320
100953	5.18868e-320
100995	5.30478e-320
101037	5.4199e-320
101079	5.5034e-320
101121	5.61901e-320
101163	5.70596e-320
101205	5.82108e-320
101247	5.90408e-320
101289	6.0192e-320
101331	6.1022e-320
101373	6.21732e-320
101415	6.33244e-320
101457	6.41594e-320
101499	6.5355e-320
101541	6.65062e-320
101583	6.76573e-320
101625	6.88085e-320
101667	6.96386e-320
101709	7.07897e-320
101751	7.19409e-320
101793	7.31316e-320
101835	7.42877e-320
101877	7.51227e-320
101919	7.62739e-320
101961	7.7425e-320
102003	7.85762e-320
102045	7.96977e-320
102087	8.05969e-320
102129	8.17481e-320
102171	8.28993e-320
102213	8.40257e-320
102255	8.48904e-320
102297	8.60415e-320
102339	8.71927e-320
102381	8.83538e-320
102423	8.92134e-320
102465	9.03695e-320
102507	9.15257e-320
102549	9.23557e-320
102591	9.35118e-320
102633	9.46679e-320
102675	9.55375e-320
102717	9.66886e-320
102759	9.78398e-320
102801	9.86699e-320
102843	9.9821e-320
102885	1.00651e-319
102927	1.01817e-319
102969	1.02652e-319
103011	1.03853e-319
103053	1.04683e-319
103095	1.05962e-319
103137	1.06792e-319
103179	1.07943e-319
103221	1.08773e-319
103263	1.09984e-319
103305	1.10854e-319
103347	1.1201e-319
103389	1.12845e-319
103431	1.13996e-319
103473	1.14826e-319
103515	1.15982e-319
103557	1.16812e-319
103599	1.18003e-319
103641	1.18833e-319
103683	1.19984e-319
103725	1.20819e-319
103767	1.21975e-319
103809	1.22805e-319
103851	1.23956e-319
103893	1.24826e-319
103935	1.25977e-319
103977	1.26807e-319
104019	1.27958e-319
104061	1.28788e-319
104103	1.29944e-319
104145	1.31071e-319
104187	1.3197e-319
104229	1.33121e-319
104271	1.33951e-319
104313	1.35102e-319
104355	1.35932e-319
104397	1.37083e-319
104439	1.38205e-319
104481	1.39075e-319
104523	1.4027e-319
104565	1.411e-319
104607	1.42251e-319
104649	1.43081e-319
104691	1.44233e-319
104733	1.45063e-319
104775	1.46214e-319
104817	1.47404e-319
104859	1.48239e-319
104901	1.49396e-319
104943	1.50226e-319
104985	1.51377e-319
105027	1.52207e-319
105069	1.53358e-319
105111	1.54287e-319
105153	1.55379e-319
105195	1.5653e-319
105237	1.57365e-319
105279	1.58521e-319
105321	1.59351e-319
105363	1.60502e-319
105405	1.49702e-321
105447	2.12942e-321
105489	3.3053e-321
105531	4.13533e-321
105573	5.2865e-321
105615	6.12147e-321
105657	7.28253e-321
105699	8.15208e-321
105741	9.34278e-321
105783	1.06026e-320
105825	1.15117e-320
105867	1.27568e-320
105909	1.36016e-320
105951	1.51579e-320
105993	1.60868e-320
106035	1.75097e-320
106077	1.83743e-320
106119	1.95057e-320
106161	2.06569e-320
106203	2.14869e-320
106245	2.26381e-320
106287	2.37893e-320
106329	2.46588e-320
106371	2.58149e-320
106413	2.6971e-320
106455	2.78011e-320
106497	2.89522e-320
106539	3.00145e-320
106581	3.09335e-320
106623	3.21241e-320
106665	3.29542e-320
106707	3.41054e-320
106749	3.52615e-320
106791	3.60964e-320
106833	3.72476e-320
106875	3.83988e-320
106917	3.92288e-320
106959	4.04195e-320
107001	4.1541e-320
107043	4.24007e-320
107085	4.35519e-320
107127	4.43869e-320
107169	4.5543e-320
107211	4.66941e-320
107253	4.75637e-320
107295	4.87149e-320
107337	4.9866e-320
107379	5.06961e-320
107421	5.18472e-320
107463	5.29688e-320
107505	5.38334e-320
107547	5.5029e-320
107589	5.58591e-320
107631	5.70102e-320
107673	5.81614e-320
107715	5.89914e-320
107757	6.01426e-320
107799	6.12938e-320
107841	6.21633e-320
107883	6.33195e-320
107925	6.44756e-320
107967	6.53056e-320
108009	6.64568e-320
108051	6.75783e-320
108093	6.8438e-320
108135	6.96287e-320
108177	7.04587e-320
108219	7.16099e-320
108261	7.2766e-320
108303	7.3601e-320
108345	7.46632e-320
108387	7.55822e-320
108429	7.64122e-320
108471	7.76029e-320
108513	7.84329e-320
108555	7.95841e-320
108597	8.04141e-320
108639	8.15406e-320
108681	8.24052e-320
108723	8.32352e-320
108765	8.44259e-320
108807	8.5256e-320
108849	8.64071e-320
108891	8.72372e-320
108933	8.83587e-320
108975	8.92184e-320
109017	9.00731e-320
109059	9.12737e-320
109101	9.21037e-320
109143	9.32549e-320
109185	9.40849e-320
109227	9.52064e-320
109269	9.60661e-320
109311	9.68962e-320
109353	9.80869e-320
109395	9.89218e-320
109437	1.00078e-319
109479	1.00908e-319
109521	1.0197e-319
109563	1.02889e-319
109605	1.03719e-319
109647	1.04875e-319
109689	1.05745e-319
109731	1.06896e-319
109773	1.07731e-319
109815	1.08798e-319
109857	1.09717e-319
109899	1.10547e-319
109941	1.11698e-319
109983	1.12568e-319
110025	1.13719e-319
110067	1.14559e-319
110109	1.15681e-319
110151	1.1655e-319
110193	1.17385e-319
110235	1.18536e-319
110277	1.19406e-319
110319	1.20557e-319
110361	1.21708e-319
110403	1.22538e-319
110445	1.23689e-319
110487	1.24519e-319
110529	1.25675e-319
110571	1.2655e-319
110613	1.27701e-319
110655	1.28823e-319
110697	1.29682e-319
110739	1.30834e-319
110781	1.31664e-319
110823	1.32815e-319
110865	1.33645e-319
110907	1.3484e-319
110949	1.3567e-319
110991	1.36827e-319
111033	1.37978e-319
111075	1.38813e-319
111117	1.39964e-319
111159	1.40794e-319
111201	1.41985e-319
111243	1.42815e-319
111285	1.43971e-319
111327	1.45122e-319
111369	1.45957e-319
111411	1.47108e-319
111453	1.47938e-319
111495	1.49129e-319
111537	1.50191e-319
111579	1.5112e-319
111621	1.52271e-319
111663	1.53106e-319
111705	1.54262e-319
111747	1.55092e-319
111789	1.56283e-319
111831	1.57404e-319
111873	1.58264e-319
111915	1.59415e-319
111957	1.60245e-319
111999	1.49208e-321
112041	1.85275e-321
112083	3.06815e-321
112125	4.13533e-321
112167	5.05429e-321
112209	6.20546e-321
112251	7.03549e-321
112293	8.23113e-321
112335	9.06116e-321
112377	1.03359e-320
112419	1.15957e-320
112461	1.28457e-320
112503	1.38338e-320
112545	1.5232e-320
112587	1.665e-320
112629	1.78605e-320
112671	1.90215e-320
112713	1.98911e-320
112755	2.10423e-320
112797	2.21984e-320
112839	2.33545e-320
112881	2.45057e-320
112923	2.53357e-320
112965	2.64869e-320
113007	2.76776e-320
113049	2.88287e-320
113091	2.96588e-320
113133	3.08099e-320
113175	3.1966e-320
113217	3.31222e-320
113259	3.39522e-320
113301	3.51429e-320
113343	3.62941e-320
113385	3.71241e-320
113427	3.82753e-320
113469	3.94264e-320
113511	4.02565e-320
113553	4.14126e-320
113595	4.26082e-320
113637	4.34383e-320
113679	4.45894e-320
113721	4.5711e-320
113763	4.65706e-320
113805	4.77218e-320
113847	4.85518e-320
113889	4.97425e-320
113931	5.05775e-320
113973	5.17336e-320
114015	5.28848e-320
114057	5.37148e-320
114099	5.4866e-320
114141	5.60172e-320
114183	5.71683e-320
114225	5.8359e-320
114267	5.95102e-320
114309	6.06663e-320
114351	6.16149e-320
114393	6.26525e-320
114435	6.38036e-320
114477	6.49548e-320
114519	6.61455e-320
114561	6.72967e-320
114603	6.83589e-320
114645	6.92779e-320
114687	7.0434e-320
114729	7.15901e-320
114771	7.27413e-320
114813	7.36108e-320
114855	7.4762e-320
114897	7.59132e-320
114939	7.70644e-320
114981	7.78944e-320
115023	7.90456e-320
115065	8.02165e-320
115107	8.1091e-320
115149	8.22422e-320
115191	8.33933e-320
115233	8.42234e-320
115275	8.53745e-320
115317	8.62046e-320
115359	8.70346e-320
115401	8.81858e-320
115443	8.90603e-320
115485	9.02213e-320
115527	9.10563e-320
115569	9.22075e-320
115611	9.30375e-320
115653	9.41887e-320
115695	9.50187e-320
115737	9.62094e-320
115779	9.73606e-320
115821	9.85167e-320
115863	9.96679e-320
115905	1.00735e-319
115947	1.01654e-319
115989	1.02805e-319
116031	1.04001e-319
116073	1.05152e-319
116115	1.06303e-319
116157	1.07454e-319
116199	1.08606e-319
116241	1.09762e-319
116283	1.10829e-319
116325	1.11748e-319
116367	1.12938e-319
116409	1.1409e-319
116451	1.15241e-319
116493	1.16397e-319
116535	1.17548e-319
116577	1.18699e-319
116619	1.19534e-319
116661	1.2073e-319
116703	1.21881e-319
116745	1.23032e-319
116787	1.24183e-319
116829	1.25335e-319
116871	1.26165e-319
116913	1.27316e-319
116955	1.28506e-319
116997	1.29663e-319
117039	1.30819e-319
117081	1.31649e-319
117123	1.328e-319
117165	1.33951e-319
117207	1.35102e-319
117249	1.36253e-319
117291	1.37444e-319
117333	1.38595e-319
117375	1.39756e-319
117417	1.40912e-319
117459	1.42064e-319
117501	1.43215e-319
117543	1.44366e-319
117585	1.45557e-319
117627	1.46708e-319
117669	1.47859e-319
117711	1.48921e-319
117753	1.49845e-319
117795	1.51001e-319
117837	1.52152e-319
117879	1.53343e-319
117921	1.54494e-319
117963	1.55646e-319
118005	1.56797e-319
118047	1.57948e-319
118089	1.59099e-319
118131	1.6027e-319
118173	1.48714e-321
118215	1.9318e-321
118257	3.07309e-321
118299	4.2292e-321
118341	5.38037e-321
118383	6.53155e-321
118425	7.71731e-321
118467	8.87836e-321
118509	1.0158e-320
118551	1.1403e-320
118593	1.26629e-320
118635	1.38289e-320
118677	1.53951e-320
118719	1.67884e-320
118761	1.79988e-320
118803	1.91105e-320
118845	2.00591e-320
118887	2.12942e-320
118929	2.23367e-320
118971	2.34928e-320
119013	2.4644e-320
119055	2.57952e-320
119097	2.69463e-320
119139	2.8137e-320
119181	2.92882e-320
119223	3.04493e-320
119265	3.16004e-320
119307	3.27566e-320
119349	3.39127e-320
119391	3.50638e-320
119433	3.62545e-320
119475	3.74057e-320
119517	3.85569e-320
119559	3.96784e-320
119601	4.05381e-320
119643	4.16893e-320
119685	4.28454e-320
119727	4.4041e-320
119769	4.51922e-320
119811	4.63434e-320
119853	4.74945e-320
119895	4.86457e-320
119937	4.97969e-320
119979	5.0948e-320
120021	5.20992e-320
120063	5.32949e-320
120105	5.4451e-320
120147	5.56021e-320
120189	5.65458e-320
120231	5.75834e-320
120273	5.87345e-320
120315	5.98857e-320
120357	6.10764e-320
120399	6.22276e-320
120441	6.33837e-320
120483	6.45398e-320
120525	6.5691e-320
120567	6.68421e-320
120609	6.79933e-320
120651	6.88925e-320
120693	7.0014e-320
120735	7.11652e-320
120777	7.23164e-320
120819	7.34725e-320
120861	7.46237e-320
120903	7.57798e-320
120945	7.69013e-320
120987	7.78005e-320
121029	7.86305e-320
121071	7.97817e-320
121113	8.06118e-320
121155	8.17629e-320
121197	8.26127e-320
121239	8.37342e-320
121281	8.46384e-320
121323	8.54684e-320
121365	8.66196e-320
121407	8.74496e-320
121449	8.86008e-320
121491	8.94951e-320
121533	9.03251e-320
121575	9.15257e-320
121617	9.23557e-320
121659	9.35118e-320
121701	9.43418e-320
121743	9.5493e-320
121785	9.6323e-320
121827	9.71531e-320
121869	9.83438e-320
121911	9.91738e-320
121953	1.0033e-319
121995	1.0116e-319
122037	1.02025e-319
122079	1.03146e-319
122121	1.03981e-319
122163	1.05132e-319
122205	1.06002e-319
122247	1.07153e-319
122289	1.07983e-319
122331	1.08848e-319
122373	1.09969e-319
122415	1.10804e-319
122457	1.11955e-319
122499	1.12825e-319
122541	1.13976e-319
122583	1.14806e-319
122625	1.15636e-319
122667	1.16792e-319
122709	1.17627e-319
122751	1.18778e-319
122793	1.19653e-319
122835	1.20804e-319
122877	1.21634e-319
122919	1.22464e-319
122961	1.23615e-319
123003	1.24445e-319
123045	1.25596e-319
123087	1.26471e-319
123129	1.27592e-319
123171	1.28457e-319
123213	1.29608e-319
123255	1.30759e-319
123297	1.31911e-319
123339	1.32741e-319
123381	1.33931e-319
123423	1.35082e-319
123465	1.36239e-319
123507	1.37069e-319
123549	1.38225e-319
123591	1.39381e-319
123633	1.40532e-319
123675	1.41402e-319
123717	1.42553e-319
123759	1.43704e-319
123801	1.44855e-319
123843	1.4569e-319
123885	1.46846e-319
123927	1.47997e-319
123969	1.49149e-319
124011	1.50018e-319
124053	1.51169e-319
124095	1.5232e-319
124137	1.53472e-319
124179	1.54593e-319
124221	1.55473e-319
124263	1.56629e-319
124305	1.57819e-319
124347	1.58941e-319
124389	1.59801e-319
124431	1.49208e-321
124473	1.6897e-321
124515	2.8804e-321
124557	3.71537e-321
124599	4.91101e-321
124641	6.06713e-321
124683	7.22324e-321
124725	8.0928e-321
124767	9.24397e-321
124809	1.0494e-320
124851	1.17341e-320
124893	1.30285e-320
124935	1.41599e-320
124977	1.54445e-320
125019	1.68328e-320
125061	1.80433e-320
125103	1.92043e-320
125145	2.02666e-320
125187	2.12251e-320
125229	2.23762e-320
125271	2.35274e-320
125313	2.4812e-320
125355	2.56519e-320
125397	2.6808e-320
125439	2.79592e-320
125481	2.91153e-320
125523	2.99947e-320
