111	-0.6398
143	-1.5118
192	-0.6739
225	-0.6684
257	-0.6787
289	-0.6591
321	-1.5087
354	-1.6899
451	-1.9897
484	-1.1298
529	-0.8288
562	-1.2737
594	-1.117
661	-1.2516
693	-0.9012
725	-0.5383
757	-0.5776
789	-1.4394
843	-0.7904
875	-0.6157
907	-0.74
939	-0.6886
971	-1.4411
1004	-1.2493
1037	-0.8869
1069	-0.4687
1101	-1.0885
1133	-0.9423
1165	-1.0171
1197	-0.6589
1229	-2.1937
1365	-1.5419
1459	-1.8917
1491	-0.8063
1523	-1.1468
1555	-1.0062
1587	-0.9218
1626	-1.0645
1658	-0.8854
1690	-1.2276
1876	-1.2104
1908	-0.7146
1940	-0.5284
1972	-0.8985
2004	-1.1474
2036	-1.1363
2068	-1.1419
2100	-1.2302
2132	-0.9369
2164	-0.8091
2196	-0.9689
2228	-1.2431
2317	-1.3588
2436	-1.0915
2468	-1.3798
2500	-1.121
2604	-1.35
2636	-0.8823
2668	-0.8308
2716	-2.0838
2749	-2.0838
2893	-1.3724
2949	-1.7798
2981	-0.8304
3013	-1.8902
3092	-1.4402
3124	-1.237
3156	-1.8335
3189	-1.3443
3221	-1.3699
3253	-0.4952
3285	-1.1275
3317	-1.4375
3349	-1.1378
3381	-1.9353
3524	-1.3046
3556	-1.5302
3626	-1.6072
3658	-1.4794
3935	-0.8453
3967	-0.7822
3999	-0.7253
4031	-1.9919
4063	-1.9167
4095	-1.8331
4127	-1.0194
4159	-0.9308
4191	-1.1778
4223	-1.0054
4255	-1.5665
4287	-0.7617
4319	-0.8558
4351	-1.0575
4383	-2.2305
4426	-2.1157
4458	-1.997
4694	-1.6637
4942	-1.6113
4974	-1.1028
5006	-0.966
5038	-3.0459
5099	-1.1871
5174	-1.9523
5287	-0.8775
5319	-1.155
5351	-0.7983
5383	-1.5197
5415	-1.1776
5447	-1.5787
5479	-2.1271
5561	-1.2659
5593	-1.0227
5625	-2.3744
5666	-0.8641
5698	-1.2168
5730	-0.7523
5762	-1.0807
5794	-1.5302
5826	-1.5391
5858	-0.7053
5890	-1.0041
5922	-0.7771
5954	-1.182
5986	-1.3341
6104	-1.3887
6202	-1.0487
6234	-0.6648
6266	-1.1033
6298	-1.2783
6341	-1.6897
6373	-1.0248
6433	-1.0704
6465	-1.4253
6521	-0.8648
6553	-1.7556
6585	-0.702
6617	-1.5293
6785	-0.9912
6817	-0.8528
6849	-1.0364
6881	-0.7625
6913	-0.8369
6945	-0.7774
6977	-1.7329
7097	-1.4816
7129	-0.8659
7161	-1.3763
7193	-1.6072
7225	-1.0114
7257	-1.0376
7289	-1.0958
7321	-0.6888
7353	-0.7764
7385	-1.9288
7422	-0.7595
7454	-0.532
7486	-0.9078
7518	-0.9451
7550	-1.2329
7582	-1.0703
7614	-0.8623
7646	-0.8918
7679	-1.5199
7711	-1.1184
7743	-1.0441
7775	-0.8202
7807	-0.6331
7839	-0.9283
7871	-1.1932
7939	-1.2529
7996	-1.5315
8028	-1.1531
8060	-1.1471
8092	-2.0942
8147	-1.1397
8179	-1.3014
8211	-1.3816
8243	-1.3674
8276	-1.2989
8308	-1.4547
8340	-1.638
8373	-2.2595
8406	-0.9635
8468	-1.7395
8594	-1.8549
8626	-2.0993
8658	-1.769
8691	-1.185
8723	-2.7294
8773	-1.8323
8826	-0.9653
8858	-0.9946
8890	-0.7009
8922	-1.1249
8955	-2.1895
9013	-0.9889
9045	-0.6216
9077	-1.7511
9109	-0.5665
9141	-0.9442
9173	-0.8276
9205	-0.8385
9237	-1.6217
9300	-1.335
9332	-1.6012
9364	-1.2425
9396	-0.7752
9428	-0.5619
9460	-1.0421
9492	-1.0321
9524	-0.8575
9556	-1.0005
9588	-0.5817
9620	-0.7168
9652	-1.2493
9685	-1.0704
9724	-0.7583
9756	-1.213
9788	-1.5858
9820	-1.1184
9852	-0.8344
9884	-0.6896
9916	-0.8583
9948	-0.8528
9980	-1.3383
10012	-1.0062
10045	-0.8871
10077	-1.1394
10109	-1.1689
10141	-0.9901
10230	-1.1833
10262	-1.1617
10294	-0.9402
10326	-0.7905
10358	-0.7442
10390	-0.6954
10422	-0.8979
10454	-1.0252
10486	-2.082
10541	-1.0182
10573	-0.6288
10605	-1.0782
10637	-2.8195
10669	-1.097
10701	-1.9679
10733	-1.393
10765	-0.8784
10797	-0.7431
10829	-0.6607
10861	-0.9923
10907	-1.2667
10940	-0.9024
10972	-1.2675
11004	-1.2463
11036	-1.933
11068	-0.7891
11100	-0.9512
11132	-1.042
11164	-0.684
11196	-1.2578
11228	-0.9598
11260	-1.5037
11293	-1.2287
11325	-0.7495
11357	-0.8088
11389	-1.4787
11422	-1.2499
11454	-1.314
11486	-1.2548
11518	-0.8136
11550	-0.801
11582	-1.0254
11614	-0.8417
11646	-0.9591
11678	-0.6385
11710	-1.0935
11742	-1.1679
11774	-1.4975
11847	-1.0288
11879	-0.7123
11911	-1.0139
11943	-0.8761
11975	-0.4656
12007	-0.7511
12040	-1.0923
12072	-0.6752
12104	-1.249
12136	-1.5425
12171	-0.9764
12203	-1.6549
12235	-3.0134
12278	-1.3492
12310	-0.7639
12342	-2.3332
12375	-1.2882
12407	-1.1866
12439	-1.0608
12471	-0.7792
12503	-0.4987
12535	-0.7833
12567	-1.1173
12599	-0.947
12631	-0.7189
12663	-1.1125
12695	-1.5355
12739	-1.2845
12771	-1.143
12803	-0.7614
12835	-0.8712
12867	-2.0586
12941	-0.7992
12973	-0.7478
13005	-0.7881
13038	-1.1969
13070	-1.8077
13102	-2.0642
13134	-1.7073
13166	-1.921
13198	-1.0922
13230	-1.378
13262	-1.3087
13294	-1.0031
13326	-1.1983
13358	-0.8114
13390	-1.8983
13423	-1.4147
13455	-1.0962
13487	-0.6057
13519	-0.873
13551	-1.5208
13583	-0.6785
13615	-1.0593
13647	-0.9685
13679	-1.0506
13711	-1.7496
13743	-0.5849
13775	-1.0788
13807	-1.361
13839	-0.6316
13871	-0.9424
13903	-0.5612
13935	-0.7719
13967	-0.7551
13999	-0.5428
14031	-1.1134
14063	-1.1922
14095	-0.9362
14127	-0.7745
14159	-1.4276
14191	-1.4345
14228	-0.9208
14260	-0.5781
14292	-1.9681
14332	-1.0786
14364	-1.6918
14431	-1.0674
14463	-1.2657
14495	-0.749
14527	-1.9028
14560	-1.212
14592	-1.1398
14624	-1.0486
14656	-1.0484
14748	-1.3345
14781	-0.8649
14813	-1.1393
14845	-0.8729
14877	-0.7503
14909	-1.4372
14941	-2.1175
14973	-0.8683
15005	-0.8408
15037	-0.8823
15069	-1.3801
15101	-0.7968
15133	-1.0118
15165	-1.0696
15197	-0.9192
15229	-0.6613
15261	-0.7323
15293	-1.1579
15325	-1.3802
15357	-1.1313
15389	-1.1317
15421	-1.0483
15454	-1.0935
15486	-1.1564
15518	-0.6838
15550	-1.2357
15582	-0.7493
15614	-1.2649
15646	-1.4092
15678	-0.6875
15710	-0.9643
15742	-1.0889
15774	-1.0202
15806	-1.3329
15838	-1.1653
15870	-1.0674
15922	-1.092
15954	-0.7564
15986	-0.7135
16018	-0.7503
16050	-0.8744
16082	-0.6995
16114	-0.9048
16146	-1.0929
16178	-0.8574
16210	-1.2228
16242	-0.5641
16274	-0.4883
16306	-0.7596
16338	-0.6362
16370	-1.3302
16402	-0.9662
16435	-0.8297
16467	-1.2166
16499	-0.8856
16544	-1.1054
16577	-1.2383
16609	-1.117
16641	-0.5502
16674	-1.6256
16707	-0.837
16739	-1.0421
16771	-1.3053
16803	-1.4039
16835	-1.5822
16867	-1.0254
16899	-1.8058
16931	-1.1908
16963	-0.8051
16995	-0.876
17027	-0.4971
17059	-0.9293
17091	-1.534
17123	-0.8962
17156	-1.3877
17188	-1.4086
17220	-0.9746
17252	-1.0737
17284	-1.1621
17316	-2.6706
17397	-1.3157
17429	-1.2032
17461	-1.2331
17493	-0.9451
17525	-0.6937
17557	-0.9878
17589	-0.8326
17621	-0.9855
17653	-0.6498
17685	-1.9492
17742	-0.9413
17774	-0.7267
17806	-0.8408
17838	-0.901
17870	-1.5587
17913	-0.8465
17945	-1.367
17977	-1.0444
18032	-0.9759
18064	-0.9007
18096	-0.8137
18128	-0.8331
18160	-1.5412
18192	-0.7565
18224	-1.8092
18256	-1.0578
18288	-1.3369
18320	-0.9222
18352	-0.9329
18384	-0.9918
18416	-0.5467
18448	-0.9744
18480	-1.4553
18512	-1.3576
18545	-1.4182
18578	-1.0397
18610	-1.0828
18642	-1.3829
18674	-1.5126
18706	-0.6937
18738	-1.5129
18770	-1.3087
18802	-0.8505
18834	-0.8182
18866	-1.2966
18898	-1.546
18931	-0.6571
18963	-0.8938
18995	-0.5124
19027	-1.1413
19059	-1.6518
19091	-0.7265
19123	-0.5118
19155	-0.8503
19187	-0.7717
19219	-0.8643
19251	-1.3409
19284	-0.9826
19316	-0.8428
19348	-1.0533
19380	-1.0491
19412	-0.7463
19444	-1.1979
19476	-1.2182
19508	-1.6479
19540	-1.6664
19573	-1.4252
19605	-0.8249
19637	-0.8099
19669	-0.7686
19701	-0.522
19733	-0.7806
19765	-1.1029
19798	-0.9055
19830	-0.7437
19862	-0.6009
19894	-1.0401
19926	-0.9915
19958	-1.0576
19990	-0.9904
20022	-1.0259
20054	-1.5585
20086	-1.5126
20118	-1.0845
20150	-0.694
20182	-1.097
20214	-0.744
20246	-0.747
20278	-1.074
20310	-2.2386
20342	-0.8164
20374	-0.4532
20406	-0.8778
20438	-0.95
20470	-2.1658
20502	-1.5096
20534	-0.5654
20566	-0.6592
20598	-2.393
20630	-0.7187
20662	-0.6162
20694	-0.5888
20726	-1.1088
20758	-0.6939
20790	-0.8208
20822	-1.0836
20854	-1.8338
20886	-1.4646
20918	-1.4305
20950	-2.2304
20982	-1.2379
21014	-0.6709
21046	-0.5324
21078	-1.3323
21111	-0.8609
21143	-0.8241
21175	-1.0868
21228	-1.266
21260	-1.5629
21368	-0.8998
21400	-0.6243
21432	-1.1927
21464	-0.9819
21496	-1.2467
21528	-1.2759
21561	-1.1376
21593	-0.685
21625	-1.11
21657	-1.3276
21689	-1.1891
21721	-1.0822
21753	-0.9421
21785	-1.5607
21817	-1.0213
21849	-1.3501
21892	-1.0341
21924	-2.4214
21958	-0.8143
21990	-1.7034
22023	-1.2054
22055	-0.9639
22087	-1.3601
22119	-0.8639
22151	-1.4733
22183	-1.4142
22215	-1.0263
22247	-0.8318
22279	-0.8748
22314	-1.5833
22346	-2.5306
22379	-1.7851
22412	-1.7851
22444	-2.3706
22476	-1.1929
22508	-0.8156
22540	-0.6663
22572	-1.8471
22604	-1.2757
22636	-0.7337
22668	-0.6118
22700	-1.3083
22733	-1.169
22765	-0.5141
22797	-0.9757
22855	-0.9735
22887	-1.518
22919	-0.7675
22951	-1.7431
22984	-1.0332
23017	-1.322
23049	-1.2035
23093	-0.7183
23130	-0.9636
23162	-0.8715
23194	-0.7097
23226	-0.9196
23259	-1.319
23291	-1.3477
23323	-0.9808
23355	-1.2744
23387	-0.8549
23419	-1.9779
23452	-1.2701
23484	-1.2146
23516	-0.6677
23548	-0.9781
23580	-1.1983
23612	-0.8687
23644	-0.7585
23676	-1.6326
23708	-0.9477
23740	-1.7145
23772	-1.1929
23804	-1.6567
23836	-0.8503
23868	-1.0623
23900	-0.9578
23932	-1.1285
23964	-1.3008
23996	-0.9377
24028	-1.7608
24061	-1.1064
24093	-0.5263
24125	-0.9141
24157	-2.0886
24189	-1.1991
24221	-1.5045
24253	-1.129
24285	-1.4924
24317	-1.0525
24349	-0.8196
24381	-1.4117
24413	-0.7653
24445	-1.4102
24498	-0.7883
24530	-1.1703
24563	-1.1708
24595	-0.7122
24627	-1.2404
24660	-1.1045
24692	-0.9031
24724	-0.8795
24756	-1.0421
24788	-1.3491
24820	-1.6528
24853	-1.2423
24885	-1.2158
24917	-1.8468
24949	-2.0874
24981	-0.7257
25013	-1.0207
25045	-1.3028
25077	-1.4684
25109	-0.87
25141	-1.18
25173	-1.8453
25227	-1.2034
25259	-1.8928
25291	-1.1332
25323	-1.6542
25361	-0.8543
25393	-1.0068
25425	-0.5531
25457	-1.1003
25489	-1.2101
25522	-0.8835
25554	-1.1681
25586	-1.182
25618	-1.4475
25651	-1.0157
25684	-1.0157
25716	-0.8557
25748	-1.5537
25781	-0.6821
25813	-1.3433
25845	-0.9586
25877	-0.7829
25909	-0.945
25941	-1.2987
25973	-1.2343
26005	-0.4895
26037	-1.2206
26069	-1.9649
26102	-1.1212
26134	-1.8228
26167	-1.4809
26199	-1.0205
26231	-1.6072
26264	-0.6942
26296	-1.4344
26328	-1.2658
26360	-1.0925
26392	-1.1699
26424	-0.9013
26456	-0.9
26488	-0.7566
26520	-0.7955
26552	-1.8446
26584	-1.7917
26617	-1.6486
26650	-0.7581
26682	-1.0069
26714	-0.678
26746	-1.3189
26780	-2.0206
26873	-1.6019
26905	-1.0911
26937	-1.0905
26969	-0.8556
27001	-0.9442
27033	-0.9634
27065	-0.7361
27097	-1.0427
27129	-0.8854
27161	-0.997
27193	-0.9813
27225	-1.375
27258	-0.9869
27290	-0.8239
27322	-0.6839
27354	-1.772
27386	-1.5151
27418	-1.216
27450	-1.4725
27482	-0.9045
27514	-1.2626
27547	-0.9464
27579	-0.81
27611	-1.426
27643	-1.4924
27675	-1.1748
27707	-0.6727
27739	-1.1774
27771	-1.4296
27803	-1.3235
27835	-2.5716
27867	-0.921
27900	-1.3442
27932	-1.6618
27964	-1.4803
27996	-0.9741
28028	-0.82
28060	-0.7308
28092	-0.8979
28124	-0.7223
28156	-0.8766
28188	-1.4489
28221	-2.2736
28254	-1.4344
28286	-1.1687
28318	-0.4884
28350	-0.7376
28382	-0.8706
28414	-1.1354
28446	-1.5858
28478	-0.9065
28510	-1.3285
28542	-1.1048
28574	-1.0135
28606	-1.5525
28639	-1.6052
28671	-0.7575
28703	-0.7452
28735	-1.2063
28767	-1.4754
28799	-1.1907
28831	-0.8155
28863	-0.9421
28895	-1.1973
28927	-1.6913
28959	-0.7316
28991	-1.3243
29023	-1.8081
29055	-1.91
29088	-0.7381
29120	-1.0579
29152	-0.5654
29184	-1.0431
29216	-0.7503
29248	-1.4307
29280	-1.0308
29312	-1.2165
29344	-0.8811
29376	-0.6224
29408	-1.6715
29440	-0.7019
29472	-1.3311
29504	-2.0279
29550	-1.0343
29582	-1.1428
29614	-1.5986
29646	-2.0892
29678	-1.5097
29711	-1.2733
29743	-1.064
29775	-0.8208
29807	-0.7742
29839	-0.6551
29871	-1.413
29903	-0.9598
29935	-1.3485
29975	-0.7073
30007	-1.1184
30039	-0.9965
30071	-0.7768
30103	-0.9915
30135	-0.888
30167	-0.7692
30199	-1.3469
30231	-0.8082
30263	-0.8666
30295	-0.981
30327	-1.6823
30359	-1.5177
30466	-1.3108
30498	-0.7629
30530	-2.5848
30593	-1.0079
30625	-1.9797
30657	-0.6118
30689	-1.6487
30721	-1.583
30753	-0.9624
30785	-1.0592
30817	-0.7105
30849	-0.8025
30881	-1.2221
30913	-1.8091
30974	-2.3788
31022	-1.338
31054	-1.1606
31086	-1.3124
31118	-2.9838
31151	-0.8737
31183	-1.674
31215	-0.7916
31247	-2.2981
31279	-0.7124
31311	-1.1629
31343	-0.8989
31375	-1.1758
31407	-1.0506
31439	-0.7551
31471	-0.8473
31503	-0.9548
31535	-1.0992
31567	-1.0262
31599	-1.0779
31631	-0.7391
31663	-1.4019
31695	-1.417
31732	-0.8876
31764	-1.6863
31796	-1.0235
31828	-0.9567
31860	-1.7064
31893	-1.2206
31925	-1.4314
31957	-1.418
31989	-1.4523
32021	-0.6555
32053	-0.8023
32085	-0.7012
32117	-0.8901
32149	-0.9397
32181	-1.6485
32213	-1.3598
32245	-0.6836
32277	-1.7652
32309	-1.2673
32341	-1.0119
32373	-0.7354
32405	-0.8716
32437	-0.6306
32469	-1.1568
32501	-1.6001
32533	-0.6446
32565	-1.5037
32597	-1.0064
32629	-1.4575
32661	-0.9759
32693	-0.8452
32725	-0.9851
32757	-0.9634
32789	-0.971
32821	-1.1322
32853	-0.6626
32885	-1.3566
32917	-1.4081
32949	-0.7528
32981	-1.2772
33014	-2.1178
33047	-2.1178
33080	-1.1984
33112	-0.8151
33144	-1.597
33208	-0.8036
33240	-0.8692
33272	-1.1287
33304	-0.7723
33336	-0.921
33368	-2.4159
33418	-0.7587
33450	-1.8421
33482	-1.0142
33514	-1.3646
33546	-1.2202
33578	-0.8431
33610	-0.9953
33642	-1.445
33766	-0.892
33798	-1.5512
33830	-1.0872
33862	-1.0015
33894	-0.6075
33926	-1.7307
33958	-1.5475
33990	-0.9318
34022	-1.2653
34054	-2.5222
34087	-1.166
34119	-0.8123
34151	-0.7864
34183	-1.3639
34215	-0.9512
34247	-0.8518
34279	-0.7077
34311	-0.9824
34343	-0.6635
34375	-1.1858
34407	-0.8093
34439	-1.6879
34471	-0.7985
34503	-0.8359
34535	-0.8781
34567	-1.7378
34637	-1.5051
34670	-1.4636
34715	-1.802
34747	-1.6864
34779	-1.3279
34811	-1.0144
34843	-1.3169
34875	-0.6604
34907	-1.0844
34939	-0.9716
34971	-1.1779
35003	-0.9025
35035	-0.9484
35067	-0.4647
35099	-1.3692
35131	-2.2164
35163	-1.7168
35195	-1.0858
35227	-1.8015
35264	-1.077
35296	-1.9427
35352	-0.7015
35384	-0.7648
35416	-0.6355
35448	-0.8497
35480	-1.0062
35512	-1.5047
35544	-1.3603
35576	-1.3971
35608	-1.1012
35640	-0.7632
35673	-1.4509
35705	-0.4694
35737	-1.3746
35769	-0.9219
35801	-2.1564
35834	-1.1258
35866	-0.5842
35898	-0.8897
35930	-0.7581
35962	-0.9631
35994	-0.6773
36026	-0.8055
36058	-0.982
36090	-0.9814
36122	-0.6729
36154	-1.4508
36186	-1.2595
36250	-1.4295
36283	-0.8344
36315	-1.8695
36347	-1.6591
36379	-1.3904
36412	-1.061
36444	-0.8974
36476	-0.7578
36508	-0.9474
36541	-1.3308
36610	-1.376
36642	-0.752
36674	-1.793
36718	-0.6488
36750	-2.5739
36782	-0.9884
36814	-1.2191
36846	-0.6828
36878	-0.7495
36910	-0.8208
36942	-1.1192
36974	-0.7944
37006	-0.7455
37038	-1.071
37070	-0.7278
37102	-0.9622
37134	-0.9934
37166	-0.7216
37198	-1.0685
37230	-1.3687
37262	-0.7764
37294	-0.815
37326	-1.3861
37358	-0.8171
37390	-0.6783
37422	-0.9632
37454	-0.7448
37486	-1.1726
37518	-1.0605
37550	-0.9506
37582	-1.7485
37614	-0.5741
37646	-1.5751
37678	-0.724
37710	-0.6558
37742	-0.7623
37774	-1.1164
37806	-1.1697
37838	-1.0608
37870	-0.9151
37902	-1.1142
37934	-1.0829
37966	-0.8299
37998	-0.9831
38030	-1.9438
38062	-1.0573
38094	-1.6803
38126	-0.8538
38158	-1.3167
38190	-0.8089
38222	-0.8324
38254	-1.618
38286	-0.966
38318	-1.8774
38350	-1.4948
38408	-0.8209
38440	-0.7978
38472	-1.8596
38504	-2.3823
38537	-0.9047
38569	-0.421
38601	-0.4327
38633	-0.264
38665	-0.4869
38697	-1.1872
38729	-1.1113
38761	-1.2956
38793	-0.7908
38825	-1.4516
38857	-1.5013
38889	-0.6606
38921	-1.158
38953	-0.6857
38985	-0.9606
39017	-0.8013
39049	-0.7412
39081	-1.1235
39113	-0.5627
39145	-0.7725
39177	-1.4095
39210	-1.3377
39242	-1.2848
39274	-0.6691
39306	-0.7961
39338	-0.5286
39370	-0.5321
39402	-0.5232
39434	-0.6116
39466	-1.2244
39498	-1.368
39530	-1.073
39562	-0.5423
39594	-0.795
39627	-0.6921
39659	-1.1485
39691	-0.8649
39723	-0.4707
39755	-0.8285
39787	-0.8121
39819	-1.1176
39851	-1.064
39883	-1.2008
39915	-3.2773
40049	-1.8426
40183	-1.5103
40215	-1.3765
40247	-1.2014
40279	-0.9149
40311	-1.3607
40343	-1.107
40375	-0.7573
40407	-0.9666
40439	-1.8649
40471	-1.2858
40503	-1.4083
40777	-1.3632
40809	-1.2486
40841	-1.3918
40873	-1.349
40905	-1.3061
40937	-1.423
41016	-1.3269
41049	-1.3269
41081	-1.283
41113	-1.2753
41202	-2.2195
41284	-0.5667
41316	-0.5686
41348	-1.0638
41380	-1.0402
41443	-1.7279
41475	-1.9986
41507	-0.879
41539	-1.4355
41571	-1.9323
41603	-2.7908
41635	-1.5722
41667	-1.3405
41699	-0.8008
41731	-1.3551
41764	-1.7791
41797	-1.5635
41829	-2.2003
41869	-0.9952
41901	-1.1761
41933	-0.854
41965	-2.0173
42069	-1.3328
42130	-1.0074
42163	-2.2089
42196	-2.2089
42264	-1.4828
42296	-0.9657
42328	-0.6279
42360	-1.3341
42392	-1.0828
42424	-1.3832
42467	-1.2206
42499	-0.7465
42531	-0.9363
42563	-0.7491
42595	-0.833
42627	-1.6381
42660	-1.2961
42692	-0.7939
42724	-1.0249
42756	-1.1878
42813	-1.4495
42846	-1.2506
42926	-1.1882
42958	-1.2749
43039	-1.3074
43071	-1.1606
43103	-1.0559
43242	-1.0496
43274	-1.6749
43309	-2.3113
43342	-2.3113
43401	-0.9834
43433	-0.7946
43465	-1.3604
43497	-2.1116
43529	-1.4082
43561	-1.1768
43594	-0.946
43626	-0.8769
43658	-0.7281
43690	-0.8403
43722	-0.5539
43754	-0.9963
43786	-1.161
43818	-1.0959
43850	-1.0892
43882	-0.8056
43914	-1.5072
43946	-1.4541
44008	-1.4548
44040	-1.1866
44072	-1.0001
44104	-0.8435
44136	-0.9351
44168	-0.4211
44200	-0.9665
44282	-1.4513
44314	-1.1042
44346	-1.0105
44378	-0.854
44410	-0.864
44442	-0.7405
44474	-1.4406
44506	-1.7979
44538	-0.7846
44570	-0.7245
44602	-1.1904
44634	-2.0535
44667	-1.1119
44699	-1.2214
44731	-1.9034
44778	-2.2844
44811	-2.2844
44844	-1.2226
44876	-1.189
44908	-0.9198
44940	-0.651
44972	-0.6124
45004	-0.2441
45036	-1.318
45068	-1.3142
45100	-1.3774
45132	-1.1454
45164	-1.7824
45196	-1.1122
45228	-1.2257
45260	-0.7457
45292	-1.3215
45324	-0.9992
45357	-1.1357
45390	-1.1357
45422	-0.9297
45454	-0.9075
45486	-0.8239
45518	-0.7366
45550	-1.8407
45582	-0.6975
45614	-1.4825
45646	-0.6681
45678	-1.1688
45710	-1.3744
45742	-1.1254
45774	-1.9767
45807	-1.3506
45839	-1.2257
45871	-1.504
45903	-1.7184
45935	-1.1179
45967	-0.9147
45999	-1.9307
46040	-2.1911
46073	-1.0813
46105	-0.9975
46137	-0.94
46169	-1.7377
46201	-0.7004
46233	-0.7669
46265	-0.8789
46297	-0.8909
46329	-0.8811
46361	-0.569
46393	-1.3185
46425	-0.9617
46457	-1.1215
46510	-1.0049
46542	-0.7501
46574	-0.9519
46606	-0.5386
46638	-1.228
46670	-0.906
46702	-1.2651
46735	-1.1808
46767	-0.5628
46799	-0.5602
46831	-1.0341
46863	-1.5854
46916	-1.1427
46948	-0.7404
46980	-1.2221
47012	-0.6932
47044	-1.1576
47076	-0.9166
47108	-1.0073
47140	-1.3029
47172	-0.9675
47204	-0.9285
47236	-1.1135
47268	-0.757
47300	-0.6145
47332	-1.394
47364	-0.7857
47396	-1.4569
47428	-1.7316
47525	-1.6722
47557	-0.8554
47662	-1.0849
47695	-1.0849
47727	-0.5721
47759	-1.1723
47791	-1.1231
47823	-0.6483
47855	-1.2636
47887	-1.9964
47919	-2.207
47951	-1.8584
47983	-0.6804
48015	-1.4992
48047	-0.7309
48079	-1.6516
48111	-1.0897
48143	-0.9193
48175	-1.0406
48207	-1.3837
48239	-1.0844
48271	-1.2579
48304	-1.0843
48411	-1.4651
48443	-2.3778
48482	-0.8931
48514	-1.8289
48625	-1.0534
48657	-1.0256
48689	-2.2155
48751	-0.8367
48783	-1.2189
48815	-1.6462
48847	-1.4777
48879	-1.284
48911	-0.883
48943	-0.9955
48975	-1.0439
49008	-0.7609
49040	-1.1471
49072	-0.71
49104	-1.1534
49136	-0.8153
49168	-0.7581
49200	-0.8368
49232	-1.0038
49264	-0.597
49296	-0.5767
49328	-1.7871
49360	-1.3613
49392	-2.1626
49476	-1.3659
49508	-0.6006
49540	-1.3986
49572	-0.9636
49604	-0.7067
49636	-0.8707
49668	-0.9065
49700	-0.7339
49732	-0.8277
49764	-1.0141
49796	-1.4542
49828	-1.1458
49860	-1.4274
49893	-2.0664
49925	-0.9338
49957	-2.0162
49995	-1.3245
50027	-1.3466
50059	-2.4552
50152	-1.0554
50184	-0.7179
50216	-1.2998
50248	-0.9346
50280	-0.9172
50312	-2.2683
50345	-0.9782
50377	-1.2321
50409	-1.0862
50441	-0.6729
50473	-1.0073
50579	-1.0923
50611	-0.4613
50643	-0.7247
50675	-1.3405
50707	-0.8944
50739	-0.8912
50771	-0.6751
50803	-0.6925
50835	-1.7375
50867	-0.5905
50899	-1.5648
50934	-1.0917
50966	-3.2815
51151	-0.889
51183	-1.3174
51462	-1.0774
51494	-1.473
51526	-1.5864
51558	-0.7465
51590	-1.6868
51622	-1.2232
51655	-1.4823
51768	-1.3314
51800	-1.1339
51905	-0.9311
51938	-1.0416
51971	-1.0416
52003	-1.0656
52035	-0.7832
52067	-0.9572
52099	-0.4773
52131	-0.9339
52163	-0.956
52195	-1.5913
52227	-0.8655
52259	-1.475
52291	-0.7119
52323	-0.7418
52355	-1.6397
52387	-0.8552
52419	-0.9441
52451	-0.7924
52483	-1.3302
52580	-1.6104
52701	-0.9356
52733	-0.6175
52765	-0.6309
52797	-0.7108
52829	-1.0938
52910	-0.8296
52942	-2.5218
53036	-1.2003
53068	-1.6026
53100	-1.0648
53132	-1.0095
53164	-0.6944
53196	-1.0266
53229	-1.6343
53261	-0.9169
53293	-1.4564
53325	-0.9901
53357	-0.8546
53389	-1.2647
53479	-1.5161
53511	-0.7952
53543	-1.1613
53575	-1.0132
53607	-2.1002
53639	-1.0864
53671	-1.2665
53703	-1.8076
53750	-1.6773
53811	-1.0283
53843	-1.0383
53875	-0.9591
53907	-1.1692
53939	-1.6449
53971	-1.2878
54003	-0.6285
54035	-1.082
54067	-0.9673
54099	-1.0933
54131	-1.2527
54171	-1.2745
54203	-1.1053
54364	-0.8847
54396	-1.3648
54428	-1.1293
54460	-1.0397
54492	-1.0236
54524	-0.9237
54556	-0.8589
54588	-0.9336
54620	-0.985
54652	-1.0105
54684	-1.0697
54716	-2.5061
54770	-1.2856
54802	-1.2799
54834	-1.2842
54866	-2.0165
54898	-2.2255
54930	-0.9152
54962	-1.3991
54994	-0.8103
55026	-1.6618
55058	-0.9766
55091	-1.2682
55123	-0.6752
55155	-0.9164
55187	-1.1698
55219	-0.9172
55251	-1.0015
55283	-0.8388
55315	-1.0308
55347	-0.872
55379	-1.2617
55411	-0.9621
55443	-1.4675
55475	-0.9647
55508	-1.4045
55541	-1.4045
55573	-1.0811
55605	-1.1909
55637	-1.1655
55669	-1.0694
55701	-0.7701
55733	-0.8948
55765	-1.7163
55833	-0.9755
55865	-2.4205
55897	-1.1396
55929	-1.9363
55972	-0.7778
56004	-0.9019
56036	-1.2257
56085	-1.2887
56117	-1.9514
56149	-1.3156
56181	-2.3489
56213	-0.9025
56245	-1.2011
56277	-0.9377
56309	-0.6509
56341	-1.1041
56373	-0.6246
56405	-1.0982
56469	-2.0478
56501	-0.6838
56533	-0.9611
56565	-0.9058
56597	-1.2886
56629	-1.0687
56661	-1.3323
56693	-1.1061
56934	-0.9884
56966	-1.0555
56998	-2.3274
57030	-0.9285
57062	-1.0875
57095	-1.1699
57127	-0.6766
57159	-0.4872
57191	-1.2685
57223	-1.1718
57255	-1.7757
57302	-0.6424
57334	-1.0419
57366	-1.8781
57398	-1.6019
57430	-1.9048
57462	-2.3052
57495	-0.8633
57527	-0.8186
57559	-0.9015
57591	-1.1302
57623	-1.1658
57655	-1.65
57687	-0.8812
57719	-1.1912
57751	-1.0405
57783	-1.6674
57815	-0.8487
57847	-0.6534
57879	-1.1184
57911	-0.8553
57943	-0.6571
57975	-1.6492
58008	-1.1596
58040	-1.2224
58072	-0.9161
58104	-2.9399
58136	-1.2779
58168	-0.7815
58200	-0.6755
58232	-0.7275
58264	-1.1745
58296	-1.3289
58328	-0.8757
58360	-0.4963
58392	-1.1264
58424	-1.267
58456	-1.8054
58488	-1.723
58520	-1.8947
58552	-0.595
58584	-0.8923
58616	-1.5894
58679	-0.9778
58711	-0.8072
58743	-0.9475
58775	-0.8325
58807	-1.14
58839	-1.3066
58871	-0.9525
58903	-0.8421
58935	-0.6852
58967	-1.3669
59005	-1.4894
59037	-1.3201
59069	-1.5672
59101	-1.559
59144	-1.8335
59176	-1.6626
59215	-1.2692
59247	-0.8411
59294	-0.8628
59326	-1.0757
59358	-1.3308
59390	-1.6702
59422	-0.9965
59454	-0.9352
59486	-1.1403
59518	-0.8655
59550	-0.7796
59582	-1.5073
59614	-0.9087
59646	-1.1239
59678	-1.0387
59710	-0.6121
59742	-0.8645
59774	-0.9081
59806	-2.0032
59838	-0.8767
59870	-1.0431
59902	-0.911
59934	-0.594
59966	-0.7509
59998	-1.933
60031	0.1178
60082	-0.9069
60114	-1.1145
60146	-1.0157
60178	-0.5338
60210	-0.6634
60242	-1.3943
60274	-1.1386
60306	-1.0877
60338	-0.5287
60370	-0.566
60402	-1.1501
60434	-1.0147
60466	-0.8599
60498	-0.8907
60530	-1.8368
60562	-1.1878
60594	-1.4328
60627	-0.907
60659	-1.5636
60691	-0.7589
60723	-1.323
60755	-0.7631
60787	-0.8795
60819	-0.7499
60851	-1.4412
60883	-1.0845
60915	-0.5841
60947	-0.9216
60980	-1.4456
61012	-1.2448
61044	-1.1567
61076	-0.9817
61108	-0.6884
61140	-1.2335
61172	-1.9612
61204	-1.2915
61237	-0.8674
61269	-1.0048
61301	-1.0564
61333	-1.3586
61365	-0.7976
61397	-1.5056
61429	-1.9286
61477	-1.0837
61509	-1.2605
61541	-0.8038
61573	-0.7895
61605	-1.1705
61637	-0.788
61669	-0.9674
61701	-1.4711
61733	-1.0171
61765	-1.2606
61797	-2.178
61830	-1.1575
61862	-0.7615
61894	-0.7518
61926	-0.9577
61958	-1.0642
61990	-0.8066
62022	-1.7345
62054	-1.3965
62086	-0.8261
62118	-2.2803
62150	-1.3824
62182	-1.1128
62214	-1.6549
62246	-0.8547
62278	-1.4019
62310	-0.9896
62342	-0.8116
62374	-0.848
62406	-1.8766
62438	-1.2574
62470	-1.3843
62513	-1.0099
62545	-3.0009
62639	-1.3228
62671	-1.5111
62703	-1.6094
62735	-0.7995
62767	-0.8223
62799	-0.9256
62831	-0.7363
62863	-1.3654
62895	-1.054
62927	-1.012
62959	-0.9561
62991	-0.703
63023	-1.5952
63095	-0.8141
63127	-1.0163
63159	-0.7282
63191	-0.8424
63223	-0.7249
63255	-0.6512
63287	-0.6179
63319	-0.8376
63351	-0.6589
63383	-0.6331
63415	-1.4358
63448	-0.7814
63480	-1.2971
63512	-0.8903
63544	-0.7026
63576	-1.0809
63608	-0.8078
63640	-0.8568
63672	-0.4969
63704	-1.2929
63736	-0.8989
63768	-0.8405
63800	-1.2636
63832	-2.1451
63878	-1.0548
63910	-1.7287
63942	-1.0243
63974	-1.4202
64006	-1.4948
64038	-1.7359
64138	-0.8805
64170	-0.9191
64202	-1.5918
64234	-1.2412
64321	-1.5038
64353	-1.1378
64385	-0.9565
64417	-0.5181
64449	-1.1224
64481	-0.8747
64513	-1.2857
64545	-1.3348
64577	-0.9802
64609	-0.6952
64641	-1.2586
64673	-1.2927
64705	-0.8879
64737	-0.6639
64769	-0.8846
64801	-0.6607
64833	-0.92
64865	-1.3801
64897	-0.6533
64929	-1.4575
64961	-1.3211
64993	-0.8232
65025	-0.9804
65057	-1.5292
65089	-0.5135
65121	-1.6274
65153	-0.9438
65185	-0.8225
65217	-2.0131
65250	-1.6666
65282	-0.8359
65314	-1.1859
65424	-1.2579
65456	-1.7581
65488	-1.0183
65520	-0.9212
65552	-0.5754
65584	-0.4764
65616	-0.8171
65648	-0.6002
65680	-1.329
65712	-1.0216
65744	-1.3315
65776	-1.0503
65808	-0.684
65840	-0.7985
65872	-0.9207
65904	-1.5044
65936	-1.135
65968	-0.6109
66000	-0.6229
66032	-0.7652
66064	-0.7242
66096	-1.4413
66129	-1.0529
66161	-1.0703
66193	-1.511
66225	-1.2339
66257	-1.1514
66289	-1.7197
66321	-0.7274
66353	-1.1372
66385	-0.994
66417	-0.6952
66449	-1.1369
66481	-1.5589
66514	-1.5039
66574	-0.8857
66606	-1.0128
66638	-0.746
66670	-1.0244
66702	-0.6638
66734	-2.2137
66766	-1.3942
66798	-0.8402
66830	-1.3323
66862	-0.9535
66894	-1.2093
66926	-1.2864
66958	-0.8447
66990	-1.2405
67022	-1.671
67054	-0.8535
67086	-1.3157
67196	-1.0282
67228	-2.4457
67260	-0.8143
67292	-0.8488
67324	-0.4911
67356	-1.4732
67406	-0.5974
67438	-0.407
67470	-1.17
67502	-1.1535
67534	-0.7869
67566	-1.3006
67598	-0.9379
67630	-1.2266
67662	-0.816
67694	-0.6109
67726	-0.9055
67758	-1.2883
67790	-1.1371
67822	-0.5906
67854	-1.1242
67886	-1.9547
67918	-1.2725
67950	-0.8291
67982	-1.4247
68014	-0.9942
68046	-0.9135
68078	-1.1908
68110	-0.9727
68142	-0.5036
68174	-1.1099
68206	-0.9573
68238	-1.0653
68270	-1.0996
68302	-1.041
68334	-0.9848
68366	-1.0739
68398	-1.3207
68430	-1.2564
68462	-0.6657
68494	-1.2713
68526	-0.7393
68558	-0.4861
68590	-0.6495
68622	-0.676
68654	-0.9216
68686	-0.6586
68718	-1.5509
68750	-1.1123
68782	-0.5333
68814	-0.4587
68846	-1.0754
68878	-1.049
68910	-0.5997
68942	-0.5104
68974	-1.0199
69006	-0.9485
69038	-1.2709
69081	-0.7467
69113	-1.2453
69145	-0.7919
69178	-0.9424
69210	-1.0623
69242	-0.8391
69274	-0.8792
69306	-0.6638
69338	-1.2204
69370	-0.9126
69402	-2.1946
69435	0.112
69467	0.128
69500	-1.0131
69532	-1.3707
69564	-1.1887
69596	-0.8076
69628	-0.908
69660	-2.2362
69692	-1.7936
69724	-1.3255
69756	-1.1504
69788	-2.1036
69867	-1.6739
69900	-1.6739
69972	-1.168
70004	-2.4581
70036	-1.3523
70068	-0.7991
70100	-0.5661
70132	-1.1888
70190	-1.0685
70222	-1.0706
70254	-0.9836
70286	-0.7058
70318	-1.475
70362	-0.8827
70394	-0.7587
70426	-1.2267
70458	-0.8374
70490	-1.1821
70526	-1.1163
70558	-2.2427
70590	-1.1303
70622	-1.0484
70654	-0.4452
70686	-0.2647
70718	-1.0942
70750	-1.1583
70782	-1.0814
70815	-0.9806
70847	-0.6819
70879	-0.9363
70911	-2.4265
70947	-0.8103
70979	-0.8058
71011	-1.2407
71043	-1.5679
71076	-0.7592
71108	-1.3875
71140	-0.8805
71172	-1.1392
71204	-0.679
71236	-1.1159
71269	-1.3344
71301	-2.5267
71333	-1.5041
71391	-0.861
71423	-0.7723
71455	-0.8347
71487	-0.9713
71519	-0.7299
71551	-1.3463
71583	-1.5768
71616	-0.7664
71648	-0.5195
71680	-1.9845
71712	-0.8398
71744	-1.3923
71776	-0.8882
71808	-0.8568
71840	-1.5051
71889	-1.6185
71932	-1.149
71964	-0.9231
71996	-1.7934
72028	-1.3865
72060	-0.8279
72092	-1.2526
72124	-1.2092
72156	-1.0109
72188	-0.6565
72220	-0.9164
72252	-0.6259
72284	-0.6425
72316	-0.568
72348	-0.9397
72380	-1.1029
72412	-0.6986
72444	-0.6954
72476	-1.1271
72508	-0.5441
72540	-1.1092
72572	-0.9604
72604	-1.0337
72636	-0.5476
72668	-1.2884
72700	-0.9833
72732	-1.1515
72764	-1.0415
72796	-0.8029
72828	-1.804
72860	-0.8138
72892	-0.9621
72924	-0.594
72956	-0.9912
72988	-1.7594
73043	-1.6827
73075	-1.1068
73107	-0.7913
73139	-1.0172
73171	-1.2086
73203	-1.7138
73236	-1.8833
73268	-1.0333
73300	-0.9348
73332	-0.7147
73364	-1.2979
73396	-0.4943
73428	-0.7135
73460	-1.1181
73492	-1.0368
73524	-1.3263
73556	-2.0953
73589	-0.883
73621	-0.948
73653	-0.4793
73685	-0.9853
73717	-1.0514
73749	-0.7395
73781	-0.7695
73813	-0.5403
73845	-0.9726
73877	-1.1207
73909	-0.6328
73941	-0.946
73973	-0.4624
74005	-1.0893
74037	-1.1116
74069	-1.2033
74101	-0.8566
74133	-0.8324
74165	-1.3431
74198	-0.9444
74230	-1.0885
74262	-1.234
74294	-1.2124
74326	-1.0407
74358	-1.1137
74390	-0.8097
74422	-1.1147
74454	-0.6459
74486	-0.7395
74518	-1.2693
74550	-1.5983
74582	-1.1087
74614	-0.4949
74646	-0.4415
74678	-1.2066
74710	-0.7511
74742	-0.5863
74774	-0.9786
74806	-1.0486
74838	-1.3095
74870	-1.2626
74902	-1.0825
74934	-1.1263
74966	-1.3677
74998	-0.8466
75030	-2.0503
75063	-1.241
75095	-0.8685
75127	-0.7883
75159	-0.995
75191	-0.4844
75223	-1.2293
75255	-0.7318
75287	-1.1657
75319	-0.8977
75351	-1.1638
75383	-0.8535
75415	-1.0857
75447	-0.7788
75479	-1.7455
75511	-2.0577
75573	-1.0452
75605	-0.7487
75637	-0.5158
75669	-1.4622
75701	-0.6396
75733	-0.975
75765	-0.7257
75797	-0.5501
75829	-1.637
75861	-0.7598
75893	-1.1017
75925	-1.4973
75958	-1.1712
75990	-0.637
76022	-1.3763
76054	-1.3636
76086	-1.3162
76118	-0.817
76150	-0.9596
76182	-0.933
76214	-0.6299
76246	-1.4749
76278	-1.9075
76378	-0.6753
76410	-1.3623
76443	-1.2219
76475	-1.4398
76507	-1.083
76539	-0.7293
76571	-0.6543
76603	-0.8803
76635	-0.9866
76667	-0.6347
76699	-0.6915
76731	-0.8193
76763	-0.8944
76795	-1.7661
76827	-1.3988
76859	-0.757
76891	-1.3054
76956	-1.6086
76988	-1.1039
77021	-0.9865
77053	-1.9675
77106	-0.6886
77138	-0.8209
77170	-1.2969
77202	-0.5767
77234	-0.9048
77266	-0.8465
77298	-1.1336
77330	-0.8122
77362	-1.125
77398	-1.1022
77430	-0.8954
77462	-0.5085
77494	-1.3211
77538	-1.2866
77570	-1.029
77602	-0.9018
77634	-0.997
77666	-1.7159
77698	-1.3899
77730	-1.4186
77762	-1.0788
77794	-0.7956
77826	-1.0147
77858	-0.9714
77890	-0.7363
77922	-1.1411
77954	-0.608
77986	-0.8068
78018	-1.1447
78050	-1.1576
78082	-0.7924
78114	-1.0804
78146	-1.3261
78178	-1.433
78235	-1.067
78267	-1.0455
78299	-0.8218
78331	-0.5086
78363	-1.3265
78395	-1.5568
78427	-0.6715
78459	-0.959
78491	-2.2476
78560	-1.685
78592	-0.8691
78624	-1.0618
78656	-0.6466
78688	-0.977
78720	-1.8036
78777	-0.8421
78809	-0.5377
78841	-1.9708
78873	-0.9327
78905	-0.8835
78937	-0.7267
78969	-0.8603
79001	-1.5157
79033	-1.1487
79066	-1.2078
79098	-1.1646
79130	-2.5697
79195	-1.1678
79227	-0.588
79259	-1.3235
79291	-1.0036
79323	-0.9703
79355	-1.0453
79387	-0.8923
79419	-1.0568
79451	-1.4251
79483	-0.9877
79515	-0.8371
79547	-1.7274
79579	-1.0633
79611	-1.073
79643	-1.9459
79675	-0.6321
79707	-0.9531
79739	-1.6042
79771	-1.3016
79803	-0.6498
79835	-0.5715
79867	-0.8516
79899	-0.7313
79931	-1.7418
79964	-0.9084
79996	-1.4777
80028	-1.1161
80060	-0.676
80092	-1.6437
80124	-0.8999
80156	-1.309
80188	-0.7254
80220	-0.9719
80252	-1.4392
80284	-0.8441
80316	-0.9876
80348	-0.8527
80380	-1.0692
80412	-0.7442
80444	-1.4712
80476	-0.6953
80508	-0.9349
80540	-1.3533
80637	-1.4213
80669	-1.4614
80701	-0.9895
80733	-1.0337
80765	-0.7003
80797	-0.8943
80829	-1.0456
80861	-1.1193
80893	-1.0588
80925	-0.4174
80957	-2.0249
80989	-0.8893
81021	-0.4318
81053	-1.0276
81085	-1.6389
81117	-1.1286
81149	-1.7188
81181	-0.7951
81234	-0.926
81266	-0.752
81298	-1.4159
81330	-1.2383
81362	-1.19
81394	-1.7761
81428	-0.9072
81460	-1.0015
81492	-1.7388
81558	-0.782
81590	-0.6241
81622	-1.1183
81654	-0.8332
81686	-1.0327
81718	-1.4376
81750	-1.1057
81782	-1.9035
81814	-1.2038
81846	-1.4742
81878	-1.9476
81910	-0.7157
81942	-1.9564
81974	-1.5966
82006	-1.7404
82039	-0.8931
82071	-2.0342
82103	-1.3071
82135	-0.8213
82167	-1.3617
82199	-1.7752
82297	-2.2819
82329	-1.7954
82372	-0.9166
82404	-0.7535
82436	-0.9803
82468	-1.1179
82500	-0.461
82532	-0.7042
82564	-1.0306
82596	-0.9033
82628	-0.7861
82660	-0.9662
82692	-0.6152
82724	-1.119
82756	-1.4972
82789	-1.5352
82821	-1.2112
82853	-1.1788
82900	-0.9869
82932	-0.5371
82964	-0.664
82996	-0.9939
83028	-1.5523
83060	-0.9126
83092	-0.8442
83124	-0.9136
83156	-0.4092
83188	-0.9236
83220	-0.79
83252	-0.9426
83284	-1.765
83380	-0.9192
83412	-1.5918
83444	-1.6255
83477	-1.1636
83509	-1.2144
83542	-1.2345
83574	-2.1804
83606	-1.0402
83638	-1.0445
83671	-1.1454
83703	-1.9233
83767	-1.0247
83799	-1.0275
83831	-0.7799
83863	-0.5202
83895	-1.0778
83927	-1.1534
83959	-0.5941
83991	-1.0496
84023	-1.4382
84055	-0.8667
84087	-0.7
84119	-1.0116
84151	-1.2188
84183	-0.7993
84215	-1.552
84247	-1.3931
84279	-1.2411
84311	-1.0082
84343	-1.1573
84375	-1.886
84407	-1.1928
84439	-0.6832
84471	-0.8917
84503	-1.1729
84535	-0.7481
84567	-1.3676
84599	-0.8576
84631	-0.6777
84663	-1.2801
84695	-1.4503
84727	-1.1773
84759	-1.1425
84791	-0.6917
84823	-1.1286
84855	-1.6906
84887	-1.686
84920	-0.6669
84952	-1.4284
84984	-0.8091
85016	-1.2715
85048	-1.2397
85087	-1.3708
85119	-0.8226
85151	-1.5771
85207	-1.0717
85239	-0.7892
85271	-1.0879
85303	-0.7415
85335	-0.9949
85367	-1.3405
85399	-2.0478
85449	-0.7245
85481	-0.8236
85513	-0.7087
85545	-1.0752
85577	-0.5362
85609	-1.4325
85641	-1.1816
85673	-0.7977
85705	-1.0352
85737	-0.9281
85769	-0.8427
85801	-0.7949
85833	-0.807
85865	-0.946
85897	-1.319
85929	-1.2228
85961	-1.035
85993	-0.7226
86025	-1.1396
86057	-1.6075
86089	-1.1489
86121	-0.5989
86153	-0.9574
86185	-0.7866
86217	-1.2285
86249	-1.5201
86281	-0.7913
86313	-1.0557
86345	-1.2056
86377	-0.9516
86409	-1.4711
86441	-2.4487
86473	-1.4084
86505	-0.8854
86537	-0.9654
86569	-0.7761
86601	-1.3764
86633	-2.5132
86666	-0.9141
86698	-1.283
86730	-1.127
86762	-1.3091
86794	-0.9143
86826	-0.8499
86858	-0.6966
86890	-0.8838
86922	-1.3004
86954	-0.7535
86986	-0.8141
87018	-1.6463
87050	-1.292
87082	-0.8799
87114	-1.2573
87146	-0.7452
87178	-0.6613
87210	-1.1477
87242	-0.7117
87274	-1.3999
87306	-1.6393
87338	-0.9144
87370	-1.344
87402	-1.0075
87434	-1.5053
87466	-1.2695
87498	-1.1069
87530	-0.8322
87562	-0.899
87594	-0.8191
87626	-0.9705
87658	-1.0496
87690	-1.6181
87722	-1.9257
87815	-0.937
87847	-0.6141
87879	-1.1584
87912	-1.2779
87944	-0.7802
87976	-1.0643
88008	-1.1785
88040	-1.2698
88072	-1.4142
88104	-1.7268
88136	0.1058
88239	-1.1581
88271	-1.3662
88303	-2.9493
88335	-1.0379
88367	-0.9987
88399	-0.5146
88431	-0.8683
88463	-1.0421
88495	-0.5254
88527	-2.2744
88559	-0.8686
88591	-1.4246
88623	-0.7296
88655	-1.6276
88687	-1.1531
88719	-1.0421
88751	-2.1568
88783	-1.2033
88815	-0.7828
88847	-0.6876
88879	-1.3754
88911	-0.657
88943	-1.5203
88975	-1.5249
89007	-1.0703
89039	-0.8179
89071	-1.4151
89103	-0.7609
89135	-0.754
89167	-0.9959
89199	-1.2888
89231	-0.7583
89263	-1.0598
89295	-1.5682
89327	-1.3544
89359	-1.0845
89391	-0.6664
89423	-1.9351
89455	-1.3637
89487	-1.2887
89591	-1.0113
89623	-1.3342
89696	-1.4009
89728	-0.6442
89760	-1.4393
89792	-0.8992
89824	-1.1792
89856	-0.9305
89888	-0.9383
89920	-1.036
89952	-1.0179
89984	-0.7716
90016	-0.7441
90048	-0.859
90080	-0.7381
90112	-0.5425
90144	-0.8395
90176	-1.7612
90208	-0.7509
90240	-1.0794
90272	-2.444
90304	-1.1827
90336	-1.1851
90368	-0.7462
90400	-1.2398
90432	-1.926
90464	-1.0269
90496	-0.7737
90528	-1.2299
90560	-1.6349
90613	-1.1437
90645	-0.7367
90677	-1.0788
90709	-0.6655
90741	-1.3047
90773	-0.9511
90805	-0.9554
90837	-0.7447
90869	-0.9568
90901	-1.1508
90933	-1.2737
90965	-1.1721
90997	-1.5051
91029	-1.1332
91061	-1.5589
91093	-0.7061
91125	-1.7573
91158	-0.9912
91191	-1.2404
91223	-1.8029
91255	-0.9679
91287	-1.3887
91320	-1.0434
91352	-1.707
91387	-0.9895
91419	-2.4889
91451	-0.633
91483	-1.2587
91531	-0.7433
91563	-2.2863
91612	-1.3772
91644	-1.2799
91676	-1.0404
91708	-1.2897
91799	-1.0429
91831	-0.7876
91863	-1.2645
91895	-0.4951
91927	-1.1105
91959	-1.1963
91991	-0.8709
92023	-1.1232
92055	-1.6334
92087	-0.7093
92119	-0.9397
92151	-0.5881
92183	-1.2692
92215	-1.0172
92247	-1.1356
92279	-2.215
92311	-1.3544
92343	-0.8273
92375	-1.0817
92407	-2.2595
92452	-1.0495
92484	-1.2417
92536	-1.1085
92568	-1.1335
92600	-0.9727
92632	-1.8871
92664	-1.2059
92704	-1.0174
92736	-1.4115
92768	-1.0715
92800	-1.071
92835	-0.9922
92868	-0.9922
92900	-1.2862
92932	-1.6058
92971	-1.8177
93006	-1.0179
93038	-0.6644
93070	-0.5743
93102	-1.5352
93136	-1.3778
93168	-2.1913
93200	-1.173
93232	-0.9119
93264	-1.2194
93296	-1.004
93328	-0.7544
93360	-1.1103
93392	-1.1001
93424	-0.9265
93456	-0.4913
93488	-0.8117
93520	-1.2231
93552	-0.4994
93584	-1.2317
93616	-1.6088
93648	-0.975
93680	-1.1563
93712	-2.1096
93762	-0.9145
93794	-2.9083
93826	-1.2553
93858	-0.5145
93890	-1.3785
93922	-1.0666
93954	-1.1962
94023	-1.8421
94055	-0.9893
94087	-1.3221
94119	-1.527
94152	-1.1172
94184	-0.8389
94216	-0.6593
94248	-0.9218
94280	-1.0678
94312	-1.2097
94344	-1.4377
94376	-0.8209
94408	-0.7531
94440	-0.649
94472	-2.0845
94504	-0.9782
94536	-0.981
94568	-1.2824
94600	-0.7249
94632	-0.9657
94664	-0.7366
94696	-2.0754
94728	-0.9837
94760	-1.015
94792	-1.3347
94824	-1.6486
94885	-1.125
94917	-0.9343
94949	-1.2164
94981	-1.5493
95013	-1.0957
95045	-2.1126
95085	-0.9121
95117	-1.356
95149	-0.6356
95181	-1.3628
95213	-0.7134
95245	-1.6859
95277	-0.9011
95383	-1.1129
95415	-0.6254
95447	-0.7701
95479	-0.9827
95511	-1.4509
95543	-0.7936
95575	-1.2119
95607	-0.8426
95639	-0.6549
95671	-0.7491
95703	-1.3115
95735	-0.8191
95767	-0.5968
95799	-0.9202
95831	-1.3451
95863	-0.716
95895	-1.8939
95927	-1.4966
95959	-0.972
96004	-1.322
96036	-2.4821
96068	-1.0428
96100	-1.2656
96132	-1.6577
96164	-1.132
96196	-1.1903
96228	-1.2396
96261	-2.0226
96293	-1.6095
96325	-0.7986
96357	-1.0157
96389	-1.7109
96421	-1.1731
96453	-1.1678
96485	-0.9268
96517	-1.1715
96549	-1.245
96581	-1.1388
96613	-0.8522
96645	-0.9083
96677	-0.6383
96709	-1.4856
96765	-1.0876
96797	-2.678
96829	-1.6108
96861	-1.5024
96900	-0.9565
96932	-1.5736
96965	-0.9704
96997	-1.581
97029	-1.0357
97061	-0.7048
97093	-0.6158
97125	-1.0882
97157	-0.9995
97189	-0.621
97221	-0.7294
97253	-1.4014
97285	-1.6965
97317	-1.0439
97349	-0.5668
97381	-0.6327
97413	-1.0334
97445	-1.1094
97477	-0.9687
97509	-1.1379
97541	-1.458
97577	-0.8871
97609	-1.0357
97641	-2.0133
97673	-0.9411
97705	-0.5139
97737	-0.9601
97769	-1.253
97801	-0.9324
97833	-0.7866
97865	-1.5372
97958	-1.4331
97990	-0.6256
98022	-0.4922
98054	-0.639
98086	-1.2132
98118	-1.0892
98150	-1.0868
98182	-0.9176
98214	-1.2974
98246	-0.9693
98278	-1.1749
98310	-1.0476
98342	-1.2461
98374	-1.0104
98406	-0.7195
98438	-1.0798
98470	-1.251
98502	-0.781
98534	-1.4463
98566	-1.1299
98598	-1.5848
98630	-1.2061
98662	-1.0675
98694	-0.8315
98726	-0.6424
98758	-0.5906
98790	-0.9368
98822	-1.4897
98873	-0.8744
98905	-0.8225
98937	-0.6592
98969	-1.0453
99001	-1.1815
99033	-0.9219
99065	-1.6826
99097	-1.428
99129	-1.2961
99161	-0.9809
99193	-1.1712
99225	-0.7735
99257	-1.3109
99289	-0.5216
99321	-1.1742
99353	-1.1199
99385	-1.5776
99418	-0.8094
99450	-0.4168
99482	-0.8128
99514	-1.5356
99547	-1.3977
99579	-0.6817
99611	-2.3282
99643	-2.0946
99676	-1.1425
99708	-0.6881
99740	-1.0019
99772	-0.5843
99804	-2.143
99864	-0.543
99896	-0.7342
99928	-0.7749
99960	-0.9507
99992	-1.3102
100024	-0.7301
100056	-1.2349
100088	-1.0557
100120	-0.591
100152	-1.367
100184	-0.9192
100216	-1.0834
100248	-0.4769
100280	-0.6936
100312	-1.0593
100344	-0.8662
100376	-1.2911
100409	-1.4035
100442	-1.4035
100474	-0.9548
100506	-0.9815
100538	-1.8438
100570	-0.8353
100602	-0.951
100634	-1.0245
100666	-2.1944
100698	-0.9501
100730	-1.2041
100762	-1.0221
100794	-0.7891
100826	-0.854
100858	-1.2209
100890	-1.003
100922	-2.2061
100954	-1.7402
100986	-1.6349
101025	-0.9679
101057	-1.6364
101089	-0.8621
101121	-1.1607
101153	-1.5001
101185	-0.5873
101217	-0.7636
101249	-1.0498
101281	-1.2529
101313	-1.8294
101345	-1.1884
101377	-1.3815
101409	-1.0805
101441	-1.7917
101474	-1.0741
101506	-1.698
101538	-0.9504
101570	-0.8338
101602	-0.6927
101634	-0.8975
101666	-1.505
101698	-0.808
101730	-1.1348
101762	-1.2699
101794	-0.7581
101826	-0.4128
101858	-1.2
101890	-1.1379
101922	-0.8799
101954	-0.4825
101986	-1.1134
102055	-1.1204
102087	-1.2073
102119	-0.8875
102151	-0.6513
102183	-1.1487
102215	-0.6393
102247	-0.6318
102279	-1.4211
102311	-0.9235
102343	-0.6743
102375	-1.6069
102407	-1.2242
102439	-1.3901
102471	-0.5741
102503	-0.637
102535	-1.1449
102567	-1.3788
102599	-0.7116
102674	-0.8808
102706	-0.5007
102738	-0.6011
102770	-0.4297
102802	-1.63
102834	-1.6302
102867	-0.6337
102899	-1.4749
102942	-0.9693
102974	-0.5712
103006	-1.2744
103038	-0.7163
103070	-1.5067
103102	-1.574
103134	-1.0679
103166	-0.9052
103198	-1.8462
103231	-2.3176
103263	-0.6326
103295	-1.63
103328	-1.1457
103360	-1.5182
103392	-0.7889
103424	-1.5715
103456	-0.9552
103488	-1.3134
103520	-0.8102
103552	-0.8629
103584	-0.5782
103616	-1.3387
103648	-1.1466
103680	-1.4889
103712	-0.9705
103744	-0.817
103776	-1.1416
103808	-1.4557
103840	-1.529
103872	-0.7362
103904	-1.2063
103936	-0.9357
103968	-0.8851
104000	-0.6101
104032	-1.7475
104064	-0.8873
104096	-1.6867
104129	-0.7589
104161	-1.1408
104193	-1.2514
104225	-0.4758
104257	-0.9826
104289	-0.7533
104321	-1.0035
104353	-1.0333
104385	-0.8457
104417	-1.859
104449	-1.3963
104481	-0.5321
104513	-0.7739
104545	-1.4654
104578	-1.8542
104610	-0.9999
104642	-0.6711
104674	-1.4373
104706	-0.8625
104738	-1.667
104822	-1.0067
104854	-1.132
104910	-1.4421
104942	-1.849
104975	-1.3378
105007	-1.8102
105039	-1.1271
105071	-0.8283
105103	-1.1972
105135	-1.0795
105167	-2.085
105200	-0.9194
105232	-0.7842
105264	-1.4892
105296	-0.7212
105328	-1.5049
105370	-0.7925
105402	-2.3751
105434	-1.2554
105466	-2.7609
105499	-1.2483
105531	-0.8425
105563	-1.3565
105595	-0.9542
105627	-0.5645
105659	-1.4443
105691	-1.1297
105723	-0.5921
105755	-0.9165
105813	-0.9859
105845	-0.8731
105877	-1.2477
105909	-0.9532
105941	-0.8456
105973	-1.0953
106005	-1.3263
106037	-0.9332
106069	-0.6823
106101	-1.621
106133	-1.7352
106165	-1.5173
106197	-1.3415
106229	-0.7415
106261	-1.5131
106293	-1.2553
106326	-1.0445
106358	-1.0908
106390	-1.3988
106422	-1.1683
106454	-0.8399
106486	-0.7423
106518	-1.4242
106550	-0.6942
106582	-1.174
106615	-0.8879
106647	-1.5349
106679	-1.1261
106711	-1.7357
106743	-0.7339
106775	-0.9634
106807	-0.6081
106839	-0.9176
106871	-1.0555
106903	-1.055
106936	-0.6809
106968	-0.5526
107000	-1.0406
107032	-2.0439
107064	-1.1121
107096	-1.2038
107128	-0.8415
107160	-0.7063
107192	-1.0422
107224	-0.7703
107256	-0.4173
107288	-0.6074
107320	-1.1606
107410	-0.8221
107442	-2.7207
107487	-1.1548
107519	-0.5821
107551	-1.5161
107620	-0.7988
107652	-1.2135
107684	-0.8611
107716	-0.86
107748	-0.8725
107780	-0.5995
107812	-0.8552
107844	-1.4063
107876	-1.0838
107908	-0.6817
107940	-1.6301
107972	-1.135
108004	-0.6995
108036	-0.9748
108068	-0.5402
108100	-1.2995
108132	-2.9082
108165	-0.9065
108197	-1.1936
108229	-0.8877
108261	-0.721
108293	-0.9799
108325	-0.7786
108357	-0.8879
108389	-1.0312
108421	-0.9025
108453	-0.8938
108485	-1.1524
108517	-1.398
108549	-1.1965
108581	-0.6902
108613	-1.6193
108646	-0.8589
108678	-1.0355
108710	-1.2023
108742	-0.6566
108774	-0.9513
108806	-1.1151
108838	-0.7677
108870	-1.1489
108902	-1.4977
108934	-1.0566
108966	-1.4583
108998	-0.7723
109030	-0.4122
109062	-0.5837
109094	-0.4437
109126	-1.273
109158	-1.6768
109191	-0.8679
109223	-1.0132
109255	-0.9732
109287	-0.6132
109319	-0.8971
109351	-1.256
109383	-0.7607
109415	-0.8852
109447	-0.7224
109479	-0.5133
109511	-0.7317
109543	-1.2508
109575	-1.6078
109607	-1.1267
109639	-0.858
109671	-1.5328
109703	-2.107
109735	-1.0007
109767	-0.5967
109799	-1.0888
109831	-0.6756
109864	-1.0178
109896	-1.1669
109928	-0.4871
109960	-0.4724
109992	-1.1816
110024	-0.7572
110056	-2.7891
110089	-1.0303
110121	-1.2373
110153	-0.7359
110185	-1.3726
110218	-0.5315
110250	-0.8597
110282	-0.8325
110314	-0.6035
110346	-1.0531
110378	-0.9535
110410	-1.2885
110442	-0.8575
110474	-1.3701
110506	-0.7117
110538	-0.9603
110570	-1.1381
110602	-0.7404
110634	-1.1045
110666	-2.1276
110698	-1.2071
110730	-0.5255
110762	-0.5489
110794	-0.3548
110826	-0.9232
110858	-0.7691
110890	-1.1261
110922	-1.3093
110955	-1.3368
110987	-0.8982
111019	-2.1277
111070	-0.8029
111102	-0.7256
111134	-1.1397
111166	-0.7156
111198	-0.9163
111230	-0.6685
111262	-1.1669
111294	-1.0678
111326	-1.3
111358	-0.7107
111390	-1.1472
111422	-1.6886
111501	-0.5479
111533	-0.8531
111565	-0.8205
111597	-0.7922
111629	-1.2097
111661	-1.0044
111693	-0.6283
111725	-0.8212
111757	-1.474
111789	-0.7406
111821	-0.936
111853	-1.483
111885	-0.719
111917	-1.2204
111949	-0.7131
111981	-1.0151
112013	-1.3255
112045	-0.7776
112077	-1.1877
112109	-1.7884
112141	-0.8553
112173	-1.3905
112205	-1.5574
112266	-1.1009
112298	-1.3624
112330	-1.7378
112362	-1.6027
112394	-1.0537
112426	-1.515
112458	-0.7897
112490	-1.0709
112522	-1.4513
112554	-1.5464
112601	-0.9848
112633	-0.6169
112665	-1.4488
112724	-0.9524
112756	-1.3505
112788	-0.7723
112820	-0.7439
112852	-0.6928
112884	-0.8789
112916	-0.8415
112948	-1.7008
113011	-0.9717
113043	-1.1167
113075	-1.2766
113108	-1.3754
113140	-2.1554
113177	-0.761
113209	-1.294
113241	-0.887
113273	-0.668
113305	-0.6904
113337	-0.5682
113369	-0.6955
113401	-0.7296
113433	-1.0006
113465	-1.1618
113497	-0.6398
113529	-0.5921
113561	-1.7224
113593	-1.2867
113625	-1.0881
113657	-0.9675
113689	-0.7505
113721	-1.2602
113754	-1.3697
113786	-1.7226
113818	-1.0047
113850	-1.0252
113882	-0.9769
113914	-1.4825
113946	-0.8882
113978	-0.7455
114010	-1.3425
114042	-0.5886
114074	-1.7133
114156	-1.0338
114188	-1.1648
114221	-0.88
114253	-0.9545
114285	-0.5212
114317	-2.6133
114349	-1.0081
114381	-0.8724
114413	-0.4707
114445	-1.5305
114477	-0.7419
114509	-0.5363
114541	-0.5705
114573	-0.8528
114605	-1.5604
114637	-1.3793
114669	-0.9094
114701	-0.8118
114733	-0.9759
114765	-1.0433
114797	-1.7309
114829	-1.6404
114861	-0.7883
114893	-0.6459
114925	-0.6381
114957	-0.6653
114989	-0.3053
115021	-0.9314
115053	-0.746
115085	-1.1248
115117	-0.6919
115149	-0.9587
115181	-1.794
115213	-1.1841
115245	-1.1252
115277	-1.4795
115309	-1.2667
115341	-1.0715
115373	-0.9087
115405	-0.7562
115437	-1.9505
115469	-1.0565
115501	-1.5043
115533	-0.8449
115565	-1.1284
115621	-1.1572
115653	-1.571
115686	-0.8106
115718	-0.8198
115750	-1.4721
115782	-2.0534
115847	-0.7583
115879	-1.1364
115911	-0.9013
115943	-0.7964
115975	-1.6439
116008	-1.1262
116040	-1.695
116080	-0.6162
116112	-1.29
116144	-1.1916
116176	-0.6207
116208	-1.1854
116240	-1.3593
116273	-0.8753
116305	-0.7136
116337	-2.4355
116378	-0.7427
116410	-0.7755
116442	-0.6347
116474	-0.9007
116506	-1.1002
116538	-1.0711
116570	-0.7424
116602	-0.7797
116634	-1.5355
116666	-0.8208
116698	-0.9969
116730	-1.5752
116762	-0.8654
116794	-0.7849
116826	-0.768
116858	-1.0119
116890	-0.6222
116922	-1.977
116954	-1.6013
116987	-0.8508
117019	-0.5367
117051	-1.1898
117083	-1.827
117115	-1.0145
117273	-1.0732
117305	-0.8998
117337	-1.0822
117369	-0.9448
117401	-0.8729
117433	-1.0162
117465	-1.2093
117498	-1.3461
117530	-0.7512
117562	-0.953
117594	-0.6486
117626	-1.3932
117659	-0.9956
117691	-1.2443
117723	-1.0294
117755	-1.7721
117788	-1.324
117820	-0.9158
117852	-1.1573
117884	-1.4035
117916	-0.9666
117948	-0.9944
117980	-0.8431
118012	-1.2377
118044	-0.8611
118076	-0.852
118108	-0.8847
118140	-1.395
118173	-1.0519
118205	-0.6346
118237	-0.9268
118269	-0.6498
118301	-1.1762
118333	-1.5553
118365	-1.6672
118397	-0.7494
118429	-0.8838
118461	-1.3838
118493	-0.9704
118525	-0.9188
118557	-1.4361
118589	-0.728
118621	-1.0691
118653	-1.3982
118685	-1.7546
118717	-1.3944
118749	-0.9069
118781	-0.5303
118813	-1.2516
118898	-0.6261
118930	-0.6511
118962	-0.5204
118994	-1.1183
119026	-0.9889
119058	-1.5809
119090	-0.8651
119122	-0.5099
119154	-1.0712
119186	-0.7736
119218	-1.4567
119250	-0.3937
119282	-0.944
119314	-1.6352
119346	-1.1072
119378	-1.6904
119450	-0.9409
119482	-0.6478
119514	-1.2239
119546	-0.8401
119578	-0.5238
119610	-0.5138
119642	-1.2703
119674	-0.6585
119706	-1.2432
119738	-0.8149
119770	-0.9386
119802	-0.6818
119834	-1.1543
119867	-0.9465
119899	-1.286
119931	-0.6966
119963	-1.2636
119995	-0.6535
120027	-1.8552
120059	-0.9611
120091	-0.8611
120123	-0.9649
120155	-0.8259
120187	-0.8836
120219	-0.6817
120251	-1.643
120284	-1.3185
120316	-2.2357
120349	-0.8939
120381	-1.05
120413	-0.7217
120445	-1.5641
120477	-1.0733
120509	-1.1312
120541	-1.2914
120573	-1.2167
120605	-0.7234
120637	-0.6502
120669	-1.3777
120701	-1.638
120733	-1.6032
120765	-0.9396
120797	-0.7648
120829	-0.8587
120861	-1.7247
120894	-0.702
120926	-0.9846
120958	-0.7675
120990	-0.6635
121022	-0.7703
121073	-0.7198
121105	-1.1138
121137	-1.682
121169	-1.3547
121201	-0.8757
121233	-1.3361
121265	-2.3112
121297	-1.94
121329	-1.0569
121361	-1.5751
121394	-0.6311
121426	-1.3892
121458	-0.8666
121490	-0.6944
121522	-1.4348
121575	-1.0484
121607	-1.1575
121639	-0.7373
121671	-1.0924
121703	-1.187
121735	-1.3051
121767	-1.5514
121799	-0.8684
121831	-0.8287
121863	-1.058
121895	-0.6242
121927	-0.8464
121959	-0.6863
121991	-0.684
122023	-1.3592
122055	-1.2245
122087	-1.0257
122119	-0.8291
122151	-0.9532
122183	-1.2392
122215	-0.8562
122247	-1.2617
122279	-0.9144
122311	-1.3096
122343	-0.8579
122375	-0.6958
122407	-1.1256
122439	-0.7813
122471	-0.6778
122503	-0.8267
122535	-1.4018
122567	-0.9339
122599	-1.5032
122631	-0.8148
122663	-1.1414
122695	-0.5791
122727	-1.3726
122759	-0.9472
122791	-1.247
122823	-2.8295
122855	-0.7163
122887	-0.7648
122919	-0.9152
122951	-0.7007
122983	-0.4939
123015	-0.8318
123047	-1.0715
123079	-1.2
123111	-0.6566
123143	-0.8179
123175	-0.7148
123207	-0.5133
123239	-0.5893
123271	-0.7103
123303	-1.2603
123335	-0.8595
123367	-2.0733
123423	-1.0165
123455	-0.9
123487	-0.9876
123519	-1.1037
123551	-1.7333
123583	-1.5241
123615	-1.0052
123647	-1.3148
123679	-0.9274
123711	-0.9206
123743	-1.348
123775	-1.5581
123807	-1.3451
123839	-0.9424
123871	-0.823
123904	-1.3084
123936	-2.3721
123968	-1.7147
124000	-0.7511
124032	-1.4037
124064	-1.7318
124096	-1.5059
124128	-0.6235
124160	-1.2453
124192	-1.0252
124224	-1.0348
124256	-0.7806
124288	-0.6858
124320	-0.8706
124352	-1.5409
124384	-1.462
124416	-1.3266
124448	-1.4263
124480	-1.0603
124513	-1.0305
124545	-0.5112
124577	-0.8244
124609	-0.8065
124641	-0.8741
124673	-1.4941
124705	-1.7366
124737	-1.2219
124769	-0.8434
124801	-1.2061
124833	-0.9263
124865	-1.2565
124897	-1.1954
124929	-0.8455
124961	-1.2641
124993	-2.8016
125031	-1.1418
125063	-3.312
125346	-1.0168
125481	-0.8554
125513	-0.7015
125545	-1.4481
125577	-0.7212
125609	-0.7023
125641	-1.9226
125788	-1.3047
125820	-1.1398
125926	-1.8866
125980	-1.2679
126012	-1.2342
126044	-0.9551
126076	-0.9659
126108	-1.1344
126149	-0.9199
126181	-1.2386
126214	-0.874
126246	-0.689
126278	-1.5439
126310	-1.2559
126342	-2.0712
126375	-2.2935
126430	-1.237
126462	-1.1522
126494	-0.8758
126526	-0.7737
126558	-1.0713
126590	-1.4507
126622	-0.5706
126654	-0.5563
126686	-0.7105
126718	-1.1223
126750	-2.6711
126782	-1.2527
126814	-1.4063
126846	-1.5439
126879	-1.1904
126911	-1.2791
126943	-1.0435
126975	-1.0155
127007	-1.3226
127039	-0.7313
127071	-0.8156
127103	-1.1443
127135	-1.4931
127204	-1.7648
127236	-0.8831
127268	-0.747
127300	-0.579
127332	-0.5237
127364	-1.1904
127396	-0.5798
127428	-1.258
127460	-0.5617
127492	-0.8883
127524	-1.1398
127556	-1.0788
127588	-1.3256
127620	-0.9352
127658	-1.0212
127690	-1.1982
127732	-0.9197
127764	-1.3559
127796	-0.9507
127828	-0.6897
127860	-1.2117
127970	-1.1055
128002	-0.8465
128034	-0.5159
128066	-0.22
128098	-0.9554
128130	-0.8403
128162	-1.3431
128194	-0.9068
128226	-0.614
128258	-1.4606
128349	-0.656
128381	-0.7428
128413	-0.8683
128445	-0.4113
128477	-1.1633
128509	-1.0682
128541	-1.1215
128573	-1.1913
128605	-0.7811
128637	-1.4443
128677	-0.7907
128709	-1.5344
128741	-2.2724
128813	-0.8536
128845	-1.0825
128877	-1.3834
128937	-1.1258
128969	-1.7581
129001	-0.8416
129033	-1.3489
129065	-1.339
129097	-0.7854
129129	-2.249
129185	-1.4827
129217	-1.1667
129249	-0.8312
129281	-1.6997
129370	-1.3523
129402	-0.7405
129434	-1.1697
129466	-0.5566
129498	-1.4016
129530	-2.8044
129562	-1.9627
129594	-1.0725
129626	-0.8105
129658	-1.1766
129690	-0.6517
129722	-1.4776
129759	-1.2068
129791	-1.5956
129824	-1.1764
129856	-0.8997
129888	-1.514
129920	-1.0811
129952	-2.0025
129984	-1.6288
130016	-1.3751
130048	-0.6648
130080	-0.974
130112	-1.5486
130144	-1.594
130176	-1.234
130291	-0.7955
130323	-0.9073
130355	-0.8605
130387	-1.5047
130419	-0.7323
130451	-0.7704
130483	-0.8569
130515	-0.4547
130547	-0.9095
130579	-0.8736
130611	-1.0048
130643	-1.6686
130675	-0.8812
130707	-1.1974
130739	-0.9446
130771	-0.9608
130803	-0.9422
130835	-0.9631
130867	-0.6899
130958	-0.9082
130990	-1.3088
131023	-0.5112
131055	-1.4008
131087	-0.8972
131119	-1.0778
131151	-1.4594
131183	-1.3686
131215	-0.9631
131247	-1.1267
131279	-1.1682
131311	-0.7917
131343	-1.2166
131375	-1.4977
131407	-0.8965
131439	-2.0265
131472	-1.1355
131504	-1.1086
131536	-1.8085
131568	-1.2456
131600	-1.579
131632	-0.9964
131664	-0.9794
131696	-0.762
131728	-1.4101
131760	-1.9441
131793	-1.2414
131825	-1.1357
131857	-0.4035
131889	-0.7447
131922	-1.2184
131954	-2.0593
131986	-1.2754
132018	-1.52
132072	-1.262
132104	-1.0048
132156	-1.1637
132188	-1.0247
132220	-0.7631
132252	-1.3838
132284	-1.166
132316	-1.6067
132474	-0.9615
132506	-1.1265
132538	-0.8105
132570	-1.9633
132603	-1.1478
132635	-0.7754
132667	-0.4767
132699	-0.9244
132731	-1.1881
132763	-0.9052
132795	-0.9272
132827	-1.6962
132860	-1.529
132892	-0.8194
132924	-2.7598
132992	-1.1208
133024	-1.5766
133087	-1.4849
133119	-2.1249
133346	-0.9008
133378	-1.7426
133410	-0.8753
133442	-0.5529
133474	-0.6743
133506	-0.4601
133538	-0.5913
133570	-0.8899
133602	-0.4781
133634	-0.6114
133666	-1.0927
133698	-1.4352
133730	-1.0478
133762	-2.2446
133825	-1.2343
133857	-0.8885
133889	-0.8968
133921	-0.5526
133953	-0.7091
133985	-1.3644
134018	-0.9971
134050	-2.0687
134082	-1.2545
134115	-0.8043
134152	-1.2208
134185	-1.2208
134217	-1.0858
134249	-0.7133
134281	-1.7313
134366	-1.3171
134398	-1.051
134430	-0.6299
134462	-1.3736
134494	-0.7177
134526	-1.0945
134558	-0.9482
134590	-0.9978
134622	-1.2724
134654	-1.768
134687	-1.6102
134728	-0.8493
134760	-0.7876
134792	-1.2125
134824	-0.545
134856	-0.8812
134907	-1.0205
134939	-1.0226
134971	-1.1373
135003	-0.498
135035	-0.7967
135067	-1.102
135099	-1.296
135131	-0.703
135163	-1.1872
135195	-0.7588
135227	-0.5569
135259	-0.8014
135291	-1.142
135323	-0.769
135355	-1.553
135396	-0.6018
135428	-1.0729
135460	-1.241
135492	-0.7861
135524	-0.9446
135556	-0.6569
135588	-1.1477
135620	-0.8575
135652	-0.7598
135684	-0.9962
135716	-1.9983
135749	-1.4016
135781	-1.0376
135813	-0.9767
135845	-1.2239
135878	-1.1065
135911	-1.6611
136077	-1.1025
136129	-1.055
136161	-0.5913
136193	-1.1384
136225	-0.8058
136257	-0.9302
136289	-0.544
136321	-1.0007
136353	-0.8822
136385	-1.0168
136417	-0.8594
136449	-1.3157
136481	-1.4491
136513	-0.7892
136545	-1.3117
136603	-1.1991
136635	-0.7749
136667	-1.3289
136700	-1.1052
136732	-0.5388
136764	-1.4687
136796	-1.2047
136828	-0.7153
136860	-0.5351
136892	-1.2509
136946	-1.0323
136978	-0.6494
137010	-1.4218
137042	-0.7243
137074	-1.0524
137106	-0.7778
137138	-0.8289
137170	-0.8275
137202	-1.4269
137234	-0.9011
137266	-1.5778
137298	-1.4898
137330	-0.714
137362	-0.8495
137394	-1.0793
137426	-0.8148
137458	-0.7072
137490	-1.3628
137522	-1.6649
137554	-0.6015
137586	-1.0507
137618	-1.5711
137650	-1.0486
137683	-1.5247
137715	-1.0864
137747	-1.2415
137779	-0.924
137811	-0.7956
137843	-1.3938
137876	-1.262
137918	-1.2521
137950	-0.9046
137982	-0.9474
138014	-1.415
138046	-1.0238
138078	-1.2186
138110	-1.349
138142	-0.8262
138174	-0.9276
138206	-0.6197
138238	-1.3513
138293	-1.3972
138325	-1.5972
138382	-0.9876
138414	-2.1456
138447	-0.9557
138479	-1.2451
138511	-1.4244
138544	-0.9427
138576	-1.13
138608	-0.9726
138640	-1.124
138672	-0.8311
138704	-3.1459
138760	-0.7971
138792	-0.9628
138824	-1.053
138856	-0.7573
138888	-1.1755
138963	-1.1639
138995	-0.9236
139027	-1.1545
139059	-1.4436
139091	-1.5137
139123	-1.0866
139155	-0.9471
139187	-0.9855
139219	-0.6391
139251	-0.9661
139283	-1.0953
139315	-1.5783
139348	-0.9859
139380	-1.0199
139412	-0.617
139444	-0.9821
139476	-1.6917
139508	-0.7542
139540	-0.6477
139572	-1.2256
139604	-1.0443
139636	-2.0064
139668	-1.016
139700	-1.1024
139732	-0.5039
139764	-1.2351
139796	-1.0287
139828	-1.6709
139861	-1.1234
139893	-1.4373
139925	-1.0096
139957	-1.0365
139989	-0.9401
140021	-0.7799
140053	-0.6879
140085	-0.5763
140117	-1.2605
140149	-1.4251
140181	-1.2644
140213	-1.8576
140245	-1.2993
140277	-0.8006
140309	-1.28
140341	-1.547
140373	-1.1983
140405	-0.9912
140438	-1.414
140470	-0.9517
140502	-2.2345
140535	-1.7326
140567	-1.2338
140599	-1.1864
140631	-0.5862
140663	-0.8766
140695	-1.158
140727	-0.7979
140759	-0.8439
140792	-0.7556
140824	-1.7069
140857	-0.9677
140889	-1.5129
140921	-0.7567
140953	-1.35
140985	-0.9813
141017	-0.7596
141049	-0.6053
141081	-0.6621
141113	-0.5784
141145	-0.8922
141177	-0.9939
141209	-1.2154
141242	-1.2394
141274	-0.8035
141306	-1.5323
141338	-0.7807
141370	-1.1306
141402	-0.841
141434	-1.2162
141466	-0.7799
141498	-0.7172
141530	-1.2367
141562	-0.841
141594	-1.577
141626	-2.2727
141658	-1.6818
141690	-1.0356
141722	-0.9151
141754	-1.0171
141786	-1.1918
141818	-1.4327
141850	-1.1235
141882	-1.0806
141914	-0.9076
141946	-0.8044
141978	-1.4359
142010	-1.794
142042	-0.8649
142074	-1.121
142106	-2.2108
142138	-1.7301
142170	-0.9065
142202	-0.7184
142234	-0.9099
142266	-0.8013
142298	-0.9642
142330	-1.1266
142362	-0.8359
142394	-0.7101
142427	-1.3001
142460	-1.1865
142492	-1.4284
142524	-1.0536
142557	-1.5726
142590	-0.6067
142622	-0.98
142654	-1.8984
142706	-0.8557
142738	-0.8238
142770	-1.0164
142802	-1.2298
142834	-0.9527
142866	-0.7973
142898	-0.8789
142930	-1.1201
142962	-0.851
142994	-1.7475
143026	-0.853
143058	-0.543
143090	-1.5174
143122	-0.843
143154	-0.6783
143186	-1.3456
143218	-2.0795
143250	-1.7598
143282	-1.3425
143314	-0.7604
143346	-1.1459
143409	-1.4102
143442	-1.4102
143474	-0.8365
143506	-1.1574
143538	-0.9353
143570	-1.1148
143602	-0.7824
143634	-1.8273
143666	-0.9731
143698	-1.1431
143730	-1.5027
143763	-0.9129
143795	-1.4646
143827	-0.9183
143859	-0.7482
143891	-0.4625
143923	-1.1326
143955	-0.9419
143987	-1.4237
144019	-1.5956
144051	-0.8431
144083	-0.8882
144115	-1.199
144147	-1.0568
144179	-0.82
144211	-0.5998
144243	-0.8769
144275	-0.9995
144307	-1.154
144339	-0.6328
144371	-1.624
144403	-0.8358
144435	-0.6627
144467	-1.1687
144499	-1.0321
144531	-1.1312
144563	-1.4411
144595	-0.6737
144627	-0.4734
144659	-0.7822
144691	-0.4778
144723	-1.6042
144755	-0.6527
144787	-0.6674
144819	-0.8059
144851	-1.5054
144883	-1.005
144915	-1.0949
144947	-1.0364
144979	-0.553
145011	-1.0523
145043	-0.5962
145075	-1.6608
145107	-0.9785
145139	-0.907
145171	-0.9001
145203	-0.8977
145235	-0.7954
145267	-0.4864
145299	-1.1434
145331	-0.6756
145363	-1.6051
145395	-1.0219
145427	-0.7261
145459	-0.6745
145491	-1.108
145523	-0.6627
145555	-1.5649
145587	-1.1741
145619	-2.6997
145674	-2.2292
145706	-0.8573
145738	-1.075
145779	-0.7673
145811	-1.2865
145844	-0.2404
145876	-1.7562
145909	-1.0405
145941	-0.5394
145973	-1.6275
146005	-1.1661
146037	-1.1529
146069	-1.0119
146101	-0.5139
146133	-0.7778
146251	-1.2847
146283	-3.1985
146346	-0.9126
146378	-1.8092
146411	-0.9452
146443	-0.769
146475	-0.713
146507	-3.2572
146564	-1.0812
146596	-0.8725
146628	-0.8536
146660	-1.3638
146714	-1.2908
146746	-0.7174
146778	-0.5935
146810	-0.7807
146842	-0.9916
146874	-0.9167
146906	-0.692
146938	-0.8153
146970	-0.8763
147002	-1.0441
147034	-1.3454
147066	-1.5835
147098	-1.3312
147130	-1.2847
147162	-0.6086
147194	-1.837
147226	-0.9403
147258	-1.8631
147391	-1.1243
147423	-0.6584
147455	-1.1406
147487	-0.5433
147519	-1.3105
147551	-1.2376
147583	-1.4133
147645	-1.1549
147677	-0.7211
147709	-0.7282
147741	-0.6575
147773	-1.0154
147805	-1.1535
147837	-0.9643
147939	-0.8445
147971	-1.2652
148003	-0.9084
148035	-1.0297
148067	-1.0172
148099	-1.5727
148131	-0.927
148163	-0.7208
148195	-1.2788
148227	-0.9266
148259	-1.5741
148291	-1.2423
148323	-1.3747
148356	-1.0337
148388	-0.9156
148420	-1.7828
148453	-1.6595
148485	-0.8166
148517	-0.937
148549	-0.7438
148581	-0.8059
148613	-1.0876
148645	-1.3641
148677	-0.9155
148709	-1.5354
148741	-0.8398
148773	-2.2602
148805	-1.5789
148837	-1.2185
148869	-0.688
148901	-0.793
148933	-0.6037
148965	-1.1027
148997	-1.8322
149029	-0.9476
149061	-1.3224
149093	-1.4228
149125	-1.1143
149157	-0.8791
149189	-1.6744
149275	-1.5409
149307	-1.1968
149340	-1.0433
149372	-0.9293
149404	-0.7392
149436	-0.5398
149468	-0.4646
149500	-1.1674
149532	-0.8822
149564	-1.6245
149596	-0.8268
149628	-0.6591
149660	-0.6405
149692	-1.0848
149724	-0.7436
149756	-1.031
149788	-0.9183
149820	-1.2293
149852	-1.8118
149885	-0.9394
149917	-0.7581
149949	-1.0671
149981	-1.0405
150013	-0.6806
150045	-0.8147
150077	-1.9883
150109	-0.9724
150141	-1.9265
150173	-0.9215
150205	-0.9847
150237	-0.8499
150269	-1.2268
150301	-1.1047
150333	-1.1225
150365	-1.7757
150397	-1.165
150429	-2.0336
150461	-1.5147
150493	-0.5937
150525	-0.625
150557	-1.5743
150589	-0.6968
150621	-0.8698
150653	-1.0208
150685	-0.977
150717	-0.4831
150749	-0.7919
150781	-0.8106
150813	-0.7369
150845	-1.219
150877	-1.026
150909	-1.427
150958	-0.7511
150990	-0.6992
151022	-1.0877
151054	-1.5978
151086	-1.4898
151118	-0.5741
151150	-1.5543
151182	-2.0707
151250	-0.8221
151282	-0.6569
151314	-1.2115
151346	-0.7361
151378	-0.9396
151410	-1.3244
151442	-0.9696
151474	-0.617
151506	-1.6425
151538	-1.1805
151570	-1.5888
151602	-1.5371
151634	-1.2083
151666	-1.0329
151698	-0.8531
151730	-0.7295
151762	-0.8224
151794	-0.9553
151826	-0.6905
151858	-0.4167
151890	-1.216
151922	-0.9182
151954	-0.8628
151986	-0.9462
152018	-0.9323
152050	-0.8144
152082	-0.768
152114	-0.435
152146	-1.0579
152178	-1.4571
152210	-1.0509
152242	-1.3798
152274	-1.0905
152306	-1.0379
152338	-0.5933
152370	-0.6841
152402	-1.8594
152434	-0.9669
152466	-0.5876
152498	-0.4452
152530	-1.2809
152562	-1.0855
152594	-1.2346
152626	-0.782
152658	-1.1446
152690	-1.0075
152722	-1.048
152754	-1.2096
152786	-1.1517
152818	-1.3249
152850	-1.0232
152882	-0.9468
152914	-1.1149
152946	-0.8283
152978	-1.133
153010	-1.0427
153042	-0.9719
153074	-0.8074
153106	-0.868
153138	-1.0118
153170	-1.3301
153202	-1.1907
153234	-0.8319
153266	-1.1528
153298	-0.5083
153330	-1.0829
153362	-0.9104
153394	-0.7844
153426	-0.6179
153458	-0.6735
153490	-0.945
153522	-0.9452
153554	-0.626
153586	-1.3876
153649	-1.05
153681	-2.1066
153713	-0.7972
153745	-1.0209
153777	-1.1807
153809	-1.1019
153841	-0.6664
153873	-1.3901
153906	-0.8177
153938	-0.7539
153970	-1.1208
154002	-1.05
154034	-0.8948
154066	-1.1734
154098	-1.6161
154130	-0.7772
154162	-1.3572
154194	-0.9154
154226	-1.0918
154258	-1.0678
154290	-0.8913
154322	-1.2486
154354	-1.563
154386	-1.0387
154418	-0.7045
154450	-1.2789
154482	-0.9866
154514	-0.7596
154546	-1.1623
154578	-1.2509
154610	-0.665
154642	-1.1403
154674	-0.7655
154706	-0.6161
154738	-1.4045
154770	-1.37
154802	-1.1385
154834	-1.3547
154866	-0.8582
154898	-1.063
154930	-1.2565
154963	-1.8217
155014	-0.8892
155046	-1.2719
155078	-1.4076
155111	-1.48
155143	-1.154
155175	-0.4853
155207	-0.8861
155239	-1.8344
155271	-2.4181
155303	-0.8498
155335	-1.0833
155367	-0.8266
155399	-1.879
155431	-1.2585
155504	-0.8841
155536	-0.9576
155568	-0.9084
155600	-1.0519
155632	-1.1581
155664	-1.0758
155696	-0.6356
155728	-0.7477
155760	-0.3998
155792	-0.7397
155824	-0.9403
155856	-1.1046
155888	-0.5399
155920	-0.7564
155952	-0.8246
155984	-1.5182
156016	-0.5576
156048	-1.0628
156080	-0.4944
156112	-1.0713
156144	-0.8724
156176	-1.0507
156208	-1.1491
156240	-0.8116
156272	-0.99
156304	-0.7722
156336	-0.826
156368	-1.3015
156400	-1.0149
156432	-1.6572
156464	-1.3074
156522	-1.3166
156554	-1.3187
156586	-1.3306
156618	-0.9773
156650	-0.5729
156682	-1.1095
156714	-0.7215
156746	-0.8305
156778	-0.9711
156810	-1.4116
156843	-0.9935
156875	-0.8056
156907	-1.4105
156939	-1.7845
156971	-0.804
157003	-0.616
157035	-0.8082
157067	-0.4758
157099	-0.9515
157131	-0.8228
157163	-1.0806
157195	-1.1765
157227	-0.7769
157259	-1.1418
157291	-0.3912
157323	-1.0929
157355	-1.6046
157387	-0.7309
157419	-1.4231
157451	-0.9718
157483	-1.159
157515	-1.6168
157547	-0.8465
157579	-0.5974
157611	-0.5895
157643	-1.2147
157675	-1.2214
157707	-1.587
157739	-1.8275
157866	-0.9907
157898	-2.223
157930	-1.3599
157994	-1.5496
158026	-1.6006
158059	-1.1957
158091	-1.9321
158123	-0.8213
158155	-1.0674
158187	-0.5009
158219	-0.9446
158251	-0.7236
158283	-1.6667
158315	-1.1299
158347	-1.4763
158379	-0.7472
158411	-0.6072
158443	-1.0898
158475	-0.6838
158507	-0.8026
158539	-0.6168
158571	-1.118
158603	-0.7576
158635	-0.7029
158667	-1.4148
158699	-1.9677
158731	-1.0484
158763	-0.7672
158795	-1.1769
158827	-1.0269
158859	-0.716
158891	-0.5359
158923	-1.5758
158955	-0.9276
158987	-0.7207
159019	-0.9761
159051	-0.8811
159083	-1.6537
159115	-0.8485
159147	-0.7753
159179	-1.0429
159211	-1.9911
159244	-0.86
159276	-1.6009
159321	-1.3809
159353	-0.7853
159385	-0.5636
159417	-1.1437
159449	-1.4239
159481	-0.8465
159513	-1.8953
159545	-0.9455
159577	-0.8949
159609	-1.6829
159642	-0.7103
159674	-1.2905
159706	-0.7811
159738	-0.5561
159770	-1.019
159802	-1.8458
159834	-2.4735
159866	-1.16
159898	-0.9177
159930	-1.4614
159962	-0.7882
159994	-1.1502
160026	-1.0645
160058	-0.8459
160090	-1.3599
160122	-0.677
160154	-1.8643
160187	-1.0216
160219	-1.0629
160251	-1.8472
160283	-0.9655
160315	-0.6484
160347	-0.8891
160379	-0.42
160411	-1.0036
160443	-0.6159
160475	-0.9661
160507	-1.1873
160539	-1.1119
160571	-0.5348
160603	-1.1192
160635	-0.8727
160667	-2.6003
160699	-1.0683
160731	-0.9901
160763	-1.0482
160795	-1.0797
160827	-0.7985
160859	-0.8982
160900	-1.1971
160932	-0.6688
160964	-0.9566
160996	-1.4921
161028	-0.8405
161060	-0.8819
161092	-1.2956
161124	-1.2696
161156	-1.1094
161188	-1.1787
161220	-1.2421
161252	-0.9928
161284	-0.9027
161316	-1.3392
161348	-1.6006
161380	-0.7828
161412	-0.9826
161444	-0.6859
161476	-0.8106
161508	-0.8169
161540	-1.1506
161572	-0.6583
161604	-0.4614
161636	-1.9646
161669	-0.7749
161701	-0.8274
161733	-0.9309
161765	-2.0779
161797	-0.9096
161829	-1.1511
161861	-1.0278
161893	-1.15
161925	-2.3354
161957	-1.9006
161989	-0.8602
162021	-0.6258
162053	-0.9776
162085	-1.0447
162117	-1.789
162149	-0.8422
162181	-1.3572
162234	-0.9423
162266	-1.4627
162298	-0.7651
162330	-1.1563
162362	-0.6958
162394	-1.1181
162426	-1.5954
162458	-0.9057
162490	-1.8331
162522	-1.0677
162554	-0.8473
162586	-1.1938
162618	-1.1122
162650	-1.1522
162683	-1.0401
162715	-0.9997
162747	-1.7404
162780	-0.8921
162812	-1.4436
162844	-1.1049
162876	-0.5997
162908	-1.1385
162940	-0.7574
162972	-1.6919
163004	-0.9791
163036	-1.3617
163068	-1.0141
163100	-0.9216
163132	-0.9444
163164	-0.9464
163196	-0.9994
163228	-0.7854
163260	-1.6829
163292	-1.0528
163324	-1.4243
163356	-1.322
163388	-1.0334
163420	-1.0454
163452	-0.7134
163484	-0.9148
163516	-1.2261
163548	-1.1308
163580	-1.376
163612	-0.8001
163644	-1.3169
163676	-1.1047
163708	-0.841
163768	-1.549
163800	-2.8181
163837	-0.7466
163869	-3.2665
163901	-0.8382
163933	-0.5431
163965	-1.1347
163997	-0.6422
164029	-1.1696
164061	-0.7894
164093	-0.6657
164125	-0.505
164157	-1.3873
164189	-1.3018
164221	-0.7147
164253	-1.5667
164285	-1.5512
164317	-1.0644
164349	-0.8307
164381	-0.496
164413	-1.2222
164445	-1.7735
164478	-0.9095
164510	-1.3515
164542	-0.8039
164574	-0.8598
164606	-0.5684
164638	-0.7478
164670	-0.7878
164702	-1.4183
164742	-0.703
164774	-1.1183
164806	-1.0982
164838	-0.6893
164870	-1.261
164902	-0.9506
164934	-0.6745
164966	-0.5995
164998	-1.1764
165043	-1.054
165075	-0.5074
165107	-1.0744
165149	-0.8849
165182	-0.8849
165214	-0.7422
165246	-1.3993
165278	-1.167
165310	-1.1014
165342	-1.126
165374	-1.1365
165406	-1.1127
165438	-1.3755
165470	-1.3777
165503	-1.1263
165540	-0.7693
165572	-1.4593
165604	-1.5975
165636	-1.3691
165668	-0.9069
165700	-0.6953
165732	-1.0761
165764	-0.9446
165796	-1.0382
165828	-0.8772
165860	-1.6055
165902	-1.2916
165934	-1.5345
165966	-1.1194
166024	-1.16
166056	-0.9157
166088	-1.5175
166120	-1.4768
166152	-0.7765
166184	-1.6631
166216	-1.5275
166249	-1.0724
166281	-0.8671
166313	-1.2636
166345	-1.1864
166377	-0.8123
166409	-0.6433
166441	-0.7727
166473	-1.569
166505	-0.8111
166537	-2.0168
166569	-0.4887
166601	-1.5874
166633	-1.3549
166665	-1.9114
166697	-0.992
166729	-2.1094
166762	-0.8645
166794	-0.7044
166826	-0.4761
166858	-1.0039
167034	-1.0348
167066	-0.622
167098	-0.7688
167130	-1.0849
167162	-1.1456
167194	-1.03
167226	-1.0643
167258	-1.1551
167290	-1.0759
167322	-0.7914
167354	-0.9316
167386	-1.2694
167418	-1.1084
167450	-1.2553
167482	-1.0218
167514	-0.7208
167546	-0.6747
167578	-0.427
167610	-1.3563
167642	-2.1084
167674	-1.242
167706	-0.9676
167738	-1.0198
167770	-1.0639
167802	-1.044
167834	-0.9566
167866	-0.9112
167898	-0.6428
167930	-0.9857
167962	-0.7512
167994	-0.7778
168026	-1.3844
168058	-1.0139
168090	-0.8025
168122	-0.4545
168154	-0.8563
168186	-1.1656
168218	-0.8785
168250	-0.6378
168282	-1.1146
168314	-0.9272
168346	-0.9735
168379	-0.9439
168411	-0.9626
168443	-0.6736
168475	-1.2268
168507	-1.229
168539	-0.421
168571	-1.2138
168603	-0.79
168635	-1.1117
168667	-0.8187
168699	-0.8554
168731	-1.2138
168763	-1.27
168795	-0.7188
168827	-1.1619
168859	-0.8865
168891	-0.9769
168923	-0.697
168955	-1.6618
168987	-1.1256
169019	-2.4128
169065	-1.3769
169097	-0.8793
169129	-0.7991
169161	-0.5406
169193	-0.2879
169225	-0.7713
169257	-2.26
169289	-1.1581
169321	-1.0986
169353	-2.0753
169385	-1.3746
169417	-0.9559
169449	-1.1246
169481	-0.9021
169513	-0.6507
169545	-1.3702
169577	-0.7457
169609	-0.7649
169641	-1.3428
169673	-0.9169
169705	-2.313
169785	-0.9076
169817	-1.8605
169864	-0.9664
169896	-1.1356
169928	-0.9569
169960	-1.0945
169992	-0.6454
170024	-0.9989
170056	-0.7655
170088	-1.0631
170144	-1.6141
170176	-1.1753
170208	-0.7522
170240	-1.2255
170272	-0.8154
170304	-2.161
170336	-1.1874
170368	-1.2862
170400	-0.9738
170432	-1.2402
170464	-1.9736
170530	-0.9243
170562	-0.8527
170594	-1.4938
170626	-0.9652
170658	-1.0735
170690	-0.8715
170722	-1.5031
170754	-2.47
170786	-0.5819
170818	-0.9281
170850	-0.8509
170882	-0.5385
170914	-0.6573
170946	-0.4999
170978	-1.0074
171010	-0.951
171042	-0.5543
171074	-0.8565
171106	-1.3563
171138	-0.7629
171170	-0.6817
171202	-1.4744
171301	-0.7241
171333	-1.1512
171365	-1.9888
171397	-1.5507
171429	-0.9826
171461	-0.801
171493	-0.7404
171525	-0.9557
171557	-0.5585
171589	-0.7447
171621	-1.1875
171653	-0.8731
171685	-0.7532
171717	-0.7809
171749	-0.5332
171781	-1.0076
171813	-1.7384
171851	-1.3333
171883	-1.4495
171915	-0.8651
171947	-0.6922
171979	-0.9284
172011	-0.4973
172043	-0.9948
172075	-0.8505
172107	-1.0468
172139	-0.6872
172171	-0.3845
172203	-1.0993
172235	-0.823
172267	-0.9735
172299	-1.1533
172331	-0.8268
172363	-0.716
172395	-1.5883
172427	-1.0171
172459	-0.7249
172491	-0.6263
172523	-0.4841
172555	-1.1109
172587	-2.8542
172619	-1.1602
172651	-0.8116
172683	-1.4922
172715	-2.2487
172748	-0.9536
172780	-1.7345
172812	-0.9037
172844	-1.1784
172876	-1.4136
172908	-1.4826
172940	-1.0252
172972	-1.8147
173004	-1.8916
173036	-0.7428
173068	-2.0596
173122	-1.1577
173154	-1.1018
173186	-1.2643
173218	-2.3119
173251	-1.8771
173284	-0.7624
173316	-1.2662
173348	-0.839
173380	-0.6777
173412	-1.6184
173444	-1.0773
173476	-0.9108
173508	-1.3434
173540	-0.7168
173572	-0.905
173604	-1.5955
173636	-1.1842
173668	-1.4346
173700	-1.6249
173732	-0.8568
173764	-0.9085
173796	-0.7598
173828	-1.1659
173860	-0.9266
173892	-1.3009
173924	-1.2131
173956	-0.6639
173988	-0.8607
174020	-1.1669
174052	-0.655
174084	-1.3014
174116	-1.3398
174148	-0.9974
174180	-1.4087
174212	-0.7786
174244	-2.4361
174276	-0.9054
174308	-1.1077
174340	-1.2586
174372	-0.8849
174404	-1.2267
174436	-1.0892
174468	-1.1506
174500	-0.5692
174532	-1.1413
174564	-1.0955
174597	-0.8436
174629	-1.2101
174661	-0.7114
174693	-0.6963
174725	-1.085
174757	-0.7643
174789	-0.9067
174821	-2.05
174854	-1.0778
174886	-0.9265
174918	-1.5897
174950	-1.018
174982	-1.2677
175014	-0.6741
175046	-1.6556
175078	-0.7614
175110	-0.8009
175142	-1.2179
175174	-0.6934
175206	-0.7042
175238	-1.1009
175270	-1.58
175302	-1.2043
175334	-1.4354
175366	-0.9696
175398	-1.3036
175430	-0.7731
175462	-1.5822
175494	-0.7609
175526	-1.2945
175558	-2.3881
175591	-1.0486
175623	-0.866
175655	-0.7802
175687	-1.1593
175719	-1.0894
175751	-2.3358
175783	-0.7896
175815	-1.3294
175847	-0.8555
175879	-1.2038
175911	-0.5241
175943	-1.3402
175975	-1.1491
176007	-1.8394
176039	-1.3512
176071	-1.1525
176103	-0.6452
176135	-1.0287
176167	-1.6011
176199	-1.0641
176231	-0.6857
176263	-0.6938
176295	-1.0116
176327	-1.4226
176360	-0.6921
176392	-0.6759
176424	-0.5195
176456	-1.8113
176488	-1.2137
176520	-1.0924
176552	-1.3955
176584	-0.7445
176616	-1.6682
176648	-1.161
176680	-0.9615
176712	-1.0398
176744	-0.9808
176776	-0.5679
176808	-0.8388
176840	-1.7889
176872	-1.381
176904	-0.7699
176936	-0.8229
176968	-1.305
177000	-0.7033
177032	-1.2996
177065	-1.767
177098	-0.9676
177130	-0.8963
177162	-1.9644
177194	-1.1295
177226	-1.8348
177258	-0.8118
177290	-0.9605
177348	-1.7008
177380	-0.7638
177412	-1.4249
177444	-1.6884
177476	-0.8231
177508	-1.1442
177540	-0.8008
177572	-0.7436
177604	-1.3412
177636	-1.2226
177668	-0.7795
177700	-0.8779
177732	-1.3206
177773	-0.8409
177805	-0.7317
177837	-1.6155
177869	-1.8209
177901	-1.1752
177933	-1.2314
177965	-0.7276
177997	-1.3064
178029	-0.6552
178061	-0.7595
178093	-1.4416
178125	-0.7378
178157	-0.5484
178189	-0.9936
178221	-1.5246
178254	-1.4017
178286	-0.6637
178318	-1.3057
178351	-0.767
178383	-1.5317
178415	-1.3625
178472	-1.0181
178504	-0.8411
178536	-0.9857
178568	-1.0973
178600	-1.9619
178632	-0.8615
178664	-1.5079
178697	-1.5304
178729	-1.0177
178761	-0.7693
178793	-0.7889
178825	-0.9893
178857	-1.0515
178889	-1.1471
178921	-1.2103
178953	-0.838
178985	-0.674
179017	-0.73
179049	-1.2462
179081	-1.7668
179137	-1.6382
179169	-2.2481
179202	-1.1395
179234	-1.554
179266	-1.4748
179298	-1.2008
179330	-0.4151
179362	-0.5152
179394	-0.4646
179426	-0.8439
179458	-1.4667
179491	-1.1547
179523	-1.4794
179555	-1.6319
179587	-1.3757
179619	-1.4785
179731	-0.7359
179763	-1.0218
179795	-0.793
179827	-2.2786
179859	-0.8751
179891	-0.9496
179923	-1.5964
179956	-0.8093
179988	-0.6716
180020	-0.501
180052	-0.8904
180084	-1.1017
180116	-0.8045
180148	-1.9295
180180	-1.2785
180212	-0.7477
180244	-1.2903
180276	-0.9785
180308	-0.8847
180340	-0.4341
180372	-1.0191
180404	-1.633
180436	-0.758
180468	-1.0424
180500	-0.7827
180532	-2.0682
180595	-0.7327
180627	-1.3194
180659	-2.359
180691	-1.0573
180723	-1.7162
180755	-1.5343
180787	-1.0941
180819	-1.1694
180851	-1.1098
180883	-0.8261
180915	-1.0089
180947	-1.209
180979	-1.0465
181011	-0.8528
181043	-0.9808
181075	-1.0163
181107	-0.5865
181139	-1.103
181171	-0.8691
181203	-0.782
181235	-0.9692
181267	-0.9818
181299	-1.2045
181331	-0.776
181363	-1.6992
181395	-1.2203
181427	-0.8743
181459	-0.5252
181491	-1.0457
181523	-1.3864
181555	-0.9604
181587	-0.892
181619	-1.493
181651	-1.3362
181683	-0.9849
181715	-0.8986
181747	-1.3296
181779	-1.4481
181811	-0.6911
181843	-0.7247
181875	-0.6471
181907	-0.6725
181939	-0.7422
181971	-0.8645
182003	-1.5371
182035	-0.8393
182067	-0.5815
182099	-0.8958
182131	-0.3704
182163	-0.6762
182195	-1.3183
182227	-1.4885
182318	-1.114
182350	-0.7358
182382	-0.8511
182414	-0.7681
182446	-2.6014
182478	-1.8603
182511	-0.8153
182543	-0.7742
182575	-1.6271
182607	-0.9611
182639	-0.5967
182671	-1.6371
182703	-1
182735	-0.5526
182767	-0.9595
182799	-1.015
182831	-1.0513
182863	-1.0373
182895	-0.7767
182927	-0.6623
182959	-0.8447
182991	-0.6279
183023	-1.1977
183056	-0.5153
183088	-1.254
183120	-1.2499
183152	-1.0308
183184	-2.335
183287	-1.0052
183319	-0.7997
183351	-1.2535
183384	-0.9951
183416	-0.9
183448	-0.9024
183480	-0.8
183512	-1.2556
183544	-1.1422
183576	-1.2208
183608	-1.5017
183640	-1.3594
183672	-1.4097
183704	-0.7791
183736	-0.8758
183768	-0.5741
183800	-0.866
183832	-0.4837
183864	-0.6241
183896	-1.5337
183928	-1.046
183960	-0.7632
183992	-1.0596
184024	-1.0467
184056	-1.524
184088	-0.9239
184120	-0.5981
184152	-1.7909
184184	-1.0291
184216	-2.2061
184248	-1.9799
184281	-1.2056
184313	-1.8592
184346	-0.8169
184378	-0.8291
184410	-0.7787
184442	-0.8472
184474	-0.5654
184506	-1.4257
184538	-0.46
184570	-0.9937
184602	-0.7171
184634	-1.067
184666	-0.6556
184698	-0.6809
184730	-0.8775
184762	-1.451
184794	-1.0703
184826	-1.159
184858	-1.2643
184890	-0.5809
184922	-0.566
184954	-1.0924
184986	-1.7358
185018	-1.7478
185050	-1.087
185082	-1.1493
185114	-1.2316
185146	-1.022
185178	-0.8225
185210	-0.9201
185242	-3.0921
185274	-0.9686
185306	-0.8072
185338	-0.6572
185370	-1.2027
185402	-0.8492
185434	-1.3003
185466	-0.6225
185498	-0.9662
185530	-1.2608
185562	-0.6614
185594	-1.1016
185626	-1.2162
185658	-1.4437
185690	-0.9727
185722	-0.7586
185754	-0.5539
185786	-1.0792
185818	-1.0812
185850	-0.6293
185882	-1.6466
185914	-0.9003
185946	-2.6156
185978	-0.778
186010	-0.8243
186042	-0.4435
186074	-1.1912
186106	-0.7663
186138	-0.7027
186170	-0.8394
186202	-0.8
186234	-0.7359
186266	-0.6666
186298	-1.1874
186330	-1.3594
186362	-0.9692
186394	-0.9326
186426	-0.7397
186458	-0.5285
186490	-0.8795
186522	-0.6006
186554	-1.0877
186586	-1.5015
186618	-0.6967
186650	-0.6562
186682	-0.7592
186714	-1.7239
186746	0.1143
186778	-0.7757
186810	-0.8276
186842	-0.8747
186874	-0.6104
186906	-1.5853
186938	-2.0676
186970	-1.2365
187002	-1.5088
187034	-0.9837
187066	-1.3532
187098	-0.9444
187130	-0.9285
187162	-0.9611
187194	-1.5754
187226	-0.9306
187258	-1.4835
187290	-1.2515
187323	-0.9646
187355	-2.212
187398	-1.4205
187430	-1.1178
187462	-0.8444
187494	-0.9714
187526	-0.7207
187558	-1.1582
187590	-0.8063
187622	-0.6109
187654	-1.3351
187686	-0.9114
187718	-2.0527
187750	-1.2605
187782	-0.5886
187814	-1.9636
187846	-2.5342
187879	-0.9676
187911	-0.8915
187943	-0.6291
187975	-0.7852
188007	-1.5202
188040	-0.8241
188072	-0.5015
188104	-0.7557
188136	-1.2938
188168	-1.0353
188200	-1.3648
188232	-1.8418
188264	-1.2042
188296	-0.907
188328	-0.7605
188360	-1.5551
188430	-1.0137
188462	-1.0109
188494	-0.8654
188526	-0.6427
188558	-0.8167
188590	-0.8996
188622	-0.8464
188654	-1.5231
188686	-1.0703
188738	-0.8654
188770	-0.8533
188802	-1.0738
188835	-1.1676
188867	-1.426
188900	-1.0884
188932	-1.3597
188964	-0.8289
188996	-1.0572
189028	-0.8158
189060	-0.8643
189092	-0.3389
189124	-0.4716
189156	-1.1559
189188	-0.5695
189220	-1.2833
189252	-1.1615
189284	-0.9529
189316	-0.8265
189348	-0.6499
189380	-0.8093
189412	-1.1193
189445	-0.7978
189477	-0.6108
189509	-1.0628
189541	-1.0728
189573	-1.216
189605	-1.2557
189638	-1.4224
189670	-1.6323
189703	-0.8151
189735	-1.8272
189768	-2.1984
189801	-1.273
189833	-0.9799
189865	-0.8896
189897	-0.9206
189929	-0.7556
189961	-1.4398
189993	-1.3683
190025	-1.0196
190057	-1.1925
190089	-0.4532
190121	-0.9235
190153	-1.1362
190185	-1.1621
190217	-0.7479
190249	-1.6477
190281	-1.2096
190313	-0.4123
190345	-1.327
190377	-1.4471
190409	-1.6089
190441	-0.532
190473	-1.5207
190505	-1.3717
190537	-0.8815
190569	-0.6929
190601	-1.1824
190633	-1.0308
190665	-1.2201
190697	-1.0791
190729	-1.0376
190761	-1.7332
190857	-0.6748
190889	-1.8232
190921	-0.813
190953	-1.4803
190985	-1.6899
191018	-1.1965
191050	-0.6288
191082	-1.1808
191114	-1.2672
191146	-1.2173
191178	-1.4158
191210	-1.8265
191242	-1.2346
191274	-1.2557
191306	-0.6024
191338	-1.3988
191370	-0.8448
191402	-0.8908
191434	-0.606
191466	-1.7799
191498	-1.3602
191530	-0.6939
191562	-1.1984
191594	-0.8184
191626	-0.393
191658	-0.8639
191690	-0.4926
191722	-1.0167
191754	-0.6949
191786	-1.8242
191819	-0.9371
191851	-0.8708
191883	-0.6558
191915	-1.439
191947	-1.1515
191979	-0.7304
192011	-1.492
192043	-0.8265
192075	-0.4278
192107	-1.1096
192139	-0.6962
192171	-1.0732
192203	-1.2648
192235	-0.8008
192267	-1.1517
192299	-0.7546
192331	-1.1822
192363	-1.0309
192395	-1.3124
192427	-0.5734
192459	-0.9619
192491	-0.6183
192523	-0.7492
192555	-0.8493
192587	-1.5236
192620	-0.7174
192652	-0.7632
192684	-1.2011
192716	-1.1936
192822	-1.3291
192854	-1.6112
192886	-0.6091
192918	-0.9834
192950	-0.7332
192982	-2.396
193014	-0.9685
193046	-2.1505
193078	-0.7583
193110	-0.528
193142	-2.0412
193175	-1.1761
193207	-0.7701
193239	-1.4735
193271	-0.698
193303	-1.2409
193335	-0.6175
193367	-0.8724
193399	-0.6755
193431	-1.4046
193463	-0.817
193495	-0.8192
193527	-0.9017
193559	-0.565
193591	-1.0051
193623	-1.4459
193655	-1.0434
193687	-0.8677
193719	-1.1954
193751	-0.6673
193783	-0.7441
193815	-0.7018
193847	-0.8077
193879	-1.3755
193911	-1.286
193943	-1.4271
193975	-0.6762
194007	-1.1726
194039	-2.5293
194072	-1.0388
194104	-1.7784
194137	-1.062
194169	-0.9976
194201	-0.8872
194233	-0.948
194265	-0.7392
194297	-0.9535
194329	-0.9073
194361	-0.8451
194393	-1.1118
194425	-0.8658
194457	-0.6264
194489	-1.1863
194521	-0.6303
194553	-1.3878
194585	-0.6522
194617	-1.1798
194649	-1.3985
194682	-1.6858
194729	-1.2865
194761	-0.4379
194793	-0.9082
194825	-0.9773
194857	-1.2888
194889	-1.5674
194921	-0.9399
194953	-1.9079
194985	-1.5
195017	-1.7245
195057	-1.46
195089	-0.9929
195121	-1.4801
195154	-0.7367
195186	-1.2111
195218	-0.6235
195250	-0.7172
195282	-0.5898
195314	-1.4827
195346	-0.9617
195378	-1.4551
195410	-1.3165
195442	-0.721
195474	-0.9759
195506	-0.6329
195538	-1.1742
195570	-1.2905
195602	-0.7634
195634	-0.3848
195666	-0.5187
195698	-1.3048
195730	-2.7239
195762	-1.1287
195794	-1.1204
195826	-0.8547
195858	-0.8384
195890	-1.6688
195922	-1.1128
195954	-2.0096
195986	-1.3687
196018	-1.0869
196050	-0.8791
196082	-1.2022
196114	-1.9185
196147	-0.8965
196179	-0.9808
196211	-2.3981
196243	-0.8351
196275	-1.1927
196307	-0.5585
196339	-1.1583
196371	-1.2804
196403	-1.439
196435	-1.0982
196467	-1.6103
196499	-0.9713
196531	-0.7116
196563	-1.161
196595	-0.5605
196627	-1.2539
196659	-1.944
196691	-0.5642
196723	-0.9321
196755	-0.8634
196787	-1.6163
196819	-0.9852
196852	-1.1433
196884	-0.9242
196916	-0.4864
196948	-0.9078
196980	-0.9571
197012	-0.6795
197044	-1.5773
197076	-1.1888
197108	-1.2546
197140	-0.9447
197172	-0.7688
197204	-1.7086
197236	-0.9481
197268	-1.1201
197300	-0.8606
197332	-0.9552
197364	-0.5474
197396	-0.9479
197428	-1.1076
197460	-2.9709
197492	-1.1727
197524	-1.0857
197556	-3.0501
197588	-1.0212
197620	-1.3591
197653	-2.089
197698	-0.9472
197730	-0.8887
197762	-0.9211
197794	-1.4079
197826	-1.2958
197858	-1.0919
197890	-1.1397
197922	-0.7296
197954	-1.3846
197986	-1.4294
198018	-1.4317
198050	-1.9635
198083	-1.0063
198115	-1.0079
198147	-1.3204
198179	-0.9307
198211	-1.484
198243	-0.7273
198275	-1.9599
198349	-0.748
198381	-1.1389
198413	-0.7271
198445	-0.9448
198477	-1.3304
198509	-0.5638
198541	-1.8185
198573	-1.4905
198605	-0.8364
198637	-1.1472
198669	-0.832
198701	-1.2595
198733	-0.9172
198765	-0.7625
198797	-1.5704
198829	-1.4566
198861	-1.4017
198893	-0.9594
198925	-0.6598
198957	-0.8824
198989	-1.141
199022	-0.7572
199054	-0.8301
199086	-0.8501
199118	-0.7664
199150	-0.9051
199182	-0.8389
199214	-0.9243
199246	-0.7876
199278	-1.3258
199310	-0.8858
199342	-1.1289
199374	-1.039
199406	-1.0865
199438	-0.9445
199470	-0.9017
199502	-1.6992
199534	-1.1881
199566	-0.9781
199598	-2.3017
199630	-0.7454
199662	-0.4855
199694	-0.7498
199726	-0.7032
199758	-1.0181
199790	-0.6951
199822	-0.8465
199854	-0.5708
199886	-1.0559
199918	-0.6673
199950	-1.9822
199982	-0.6711
200014	-1.5482
200046	-1.2276
200078	-1.2345
200110	-1.5589
200142	-1.4174
200174	-1.2712
200206	-0.6388
200238	-0.9888
200270	-1.016
200302	-1.03
200334	-1.3468
200366	-0.922
200398	-0.9208
200430	-1.1641
200462	-1.0959
200494	-1.0478
200526	-0.3431
200558	-0.8281
200590	-1.2789
200622	-1.7509
200654	-1.4025
200686	-1.4336
200718	-1.2901
200750	-0.9536
200782	-0.5676
200814	-0.6248
200846	-0.6658
200878	-0.7647
200910	-0.7477
200942	-1.1007
200974	-1.714
201006	-0.8161
201038	-0.9342
201070	-1.3929
201102	-1.0579
201134	-1.129
201166	-0.7995
201198	-1.6635
201231	-0.9536
201263	-1.6256
201295	-1.0104
201327	-1.5673
201359	-1.1691
201391	-0.8731
201423	-1.1644
201455	-1.5668
201487	-1.392
201519	-0.654
201551	-0.4005
201583	-0.6829
201615	-0.9161
201647	-0.9724
201679	-1.0024
201711	-1.069
201743	-0.7047
201775	-1.8679
201807	-0.7465
201839	-1.2522
201871	-1.3413
201903	-0.9949
201935	-1.2267
201967	-1.4013
201999	-0.7611
202031	-0.6719
202063	-0.5868
202095	-1.1641
202127	-1.1554
202159	-1.2501
202191	-0.9645
202223	-2.732
202256	-1.0748
202288	-0.5289
202320	-0.9337
202352	-1.3082
202384	-0.7769
202416	-0.93
202448	-0.9657
202480	-0.7852
202512	-0.6938
202544	-0.6072
202576	-0.6773
202608	-0.708
202640	-1.2289
202673	-1.2961
202705	-1.0319
202737	-0.884
202769	-1.3354
202801	-0.6138
202833	-0.586
202865	-0.3199
202897	-0.9137
202929	-0.6227
202961	-1.4852
202993	-1.6142
203026	-0.8754
203058	-0.9129
203090	-0.8928
203122	-0.702
203154	-0.5674
203186	-0.8726
203218	-0.4959
203250	-0.5095
203282	-0.8425
203314	-1.0844
203346	-0.5481
203378	-1.1446
203410	-2.0508
203443	-0.9274
203475	-2.2718
203508	-1.5484
203540	-0.9313
203572	-0.926
203604	-0.7636
203636	-0.9549
203668	-1.0031
203700	-1.2646
203732	-1.36
203781	-0.7419
203813	-1.3594
203845	-0.7825
203877	-1.7509
203909	-1.7148
203941	-1.4029
203973	-1.2395
204005	-1.1106
204037	-1.0182
204069	-0.6239
204101	-1.2597
204133	-0.7795
204165	-1.1794
204197	-0.9814
204229	-1.8555
204261	-1.1877
204293	-1.0576
204325	-0.9274
204357	-1.1379
204389	-0.6255
204421	-1.1647
204453	-1.4742
204485	-0.8486
204517	-0.8879
204549	-0.809
204581	-1.0098
204613	-0.4779
204645	-0.8894
204677	-0.9318
204709	-1.1725
204742	-1.3892
204774	-0.4942
204806	-0.845
204838	-0.9776
204870	-1.0395
204902	-0.7396
204934	-0.9653
204966	-1.5275
204998	-0.654
205030	-0.8078
205062	-1.1906
205094	-0.9602
205126	-1.0297
205158	-2.0929
205190	-0.9324
205222	-1.2319
205254	-1.0418
205286	-1.1718
205318	-1.0254
205350	-1.1224
205382	-1.0708
205414	-0.6147
205446	-0.513
205478	-1.1475
205510	-0.8171
205542	-1.2207
205574	-0.8545
205606	-1.2961
205638	-1.1524
205670	-0.6263
205702	-1.0954
205736	-0.624
205768	-1.267
205800	-1.0325
205832	-1.1817
205864	-1.0209
205896	-1.4328
205928	-1.2393
205960	-1.0257
205992	-1.8753
206024	-1.1353
206056	-1.612
206088	-1.17
206121	-0.8889
206153	-1.2009
206185	-1.5148
206217	-0.7558
206249	-1.0163
206281	-0.8038
206313	-1.0246
206345	-1.5438
206377	-0.8061
206409	-0.9006
206441	-1.0707
206473	-0.9964
206505	-0.9638
206537	-0.9337
206570	-1.2225
206602	-1.1929
206634	-1.0703
206666	-0.8956
206698	-1.3454
206731	-0.88
206763	-1.0774
206795	-1.1312
206827	-1.2576
206859	-0.836
206891	-1.4668
206924	-1.2538
206956	-0.2872
206988	-1.1411
207020	-0.5921
207052	-1.1375
207084	-2.0373
207116	-1.3877
207148	-1.0145
207180	-1.2176
207212	-0.5793
207244	-1.335
207276	-1.1064
207308	-0.8442
207340	-1.4806
207380	-1.2966
207412	-1.1424
207444	-0.6697
207476	-1.4203
207508	-1.3233
207540	-1.942
207572	-1.1659
207604	-1.1585
207636	-1.1391
207668	-0.6108
207700	-1.858
207732	-0.6778
207764	-0.9614
207796	-0.8468
207828	-1.0041
207876	-0.9583
207908	-1.0822
207940	-1.0343
207972	-0.7384
208004	-1.6977
208036	-1.0246
208068	-1.0635
208100	-1.3764
208132	-1.4558
208164	-1.1633
208196	-1.2701
208228	-1.9123
208260	-1.614
208292	-1.4617
208324	-1.2553
208357	-1.0187
208389	-1.7086
208429	-1.2631
208461	-0.9337
208493	-0.6595
208525	-1.7345
208557	-0.8879
208589	-1.3525
208679	-0.965
208711	-1.3521
208743	-0.6703
208775	-1.5069
208807	-0.9175
208839	-0.7725
208871	-0.735
208903	-0.4267
208935	-1.0813
208967	-0.9799
208999	-1.7247
209049	-0.9525
209081	-0.8387
209113	-0.4341
209145	-1.0667
209177	-1.3719
209209	-0.8226
209242	-0.8337
209274	-1.101
209306	-1.3385
209341	-0.9406
209373	-1.0135
209405	-0.837
209437	-0.6843
209469	-1.3036
209501	-2.0437
209552	-0.8385
209584	-1.3151
209616	-1.8642
209648	-0.9166
209680	-0.8117
209712	-0.812
209744	-0.8797
209776	-0.6479
209808	-0.8745
209840	-1.3088
209872	-2.2912
209910	-1.1566
209943	-1.2495
209975	-1.258
210007	-0.8821
210039	-0.633
210071	-0.8712
210103	-1.1098
210136	-1.3454
210168	-2.1122
210200	-0.9974
210232	-0.7163
210264	-1.1503
210296	-0.9871
210328	-1.3388
210360	-0.69
210392	-0.8371
210424	-0.8299
210456	-1.1835
210488	-0.8849
210520	-1.1355
210552	-1.2641
210584	-0.8818
210616	-0.9019
210648	-0.875
210710	-0.6817
210742	-1.4956
210774	-1.1401
210806	-0.8711
210838	-0.9971
210870	-1.333
210902	-1.0237
210934	-1.6313
210966	-1.248
210998	-1.3454
211030	-0.7488
211062	-0.97
211094	-0.8407
211126	-1.6065
211158	-0.9898
211190	-0.8022
211222	-0.7481
211254	-1.5066
211286	-0.8698
211318	-0.5691
211350	-1.765
211382	-1.0741
211414	-1.9261
211446	-0.6079
211478	-1.0456
211510	-0.5211
211542	-1.2911
211574	-1.4948
211606	-0.93
211638	-1.9804
211671	-1.0946
211703	-0.8101
211735	-0.9954
211767	-1.2442
211799	-2.5637
211831	-1.597
211864	-1.5305
211896	-1.3633
211928	-1.4544
211960	-1.0197
211992	-0.4701
212024	-0.8168
212056	-0.7961
212088	-1.3825
212120	-0.6336
212152	-1.1258
212184	-0.9317
212216	-1.094
212266	-1.4652
212298	-0.8503
212330	-1.5014
212362	-1.6463
212394	-1.1369
212426	-0.556
212458	-0.6724
212490	-1.4443
212522	-0.8082
