121	-0.000977535
146	-0.00282895
218	0.000835231
240	-0.00101956
263	-0.00248456
293	-0.0033007
326	-0.00119861
401	-0.0111499
533	3.8332e-05
555	-0.00244377
669	-0.00234216
691	-0.00332736
919	0.000320032
941	-0.00247363
964	-0.00174781
986	-0.00102383
1009	-0.0124754
1168	-0.00258903
1204	-0.00683
1279	-0.00323892
1491	-0.00185051
1513	0.000613087
1535	-0.00733143
1557	-0.00213689
1579	-0.00373822
1607	-0.000751204
1629	-6.7526e-05
1651	0.0016281
1673	6.1075e-05
1695	0.000413778
1717	-0.00117374
1739	-0.000616946
1916	-0.00036298
1938	-0.00127334
1960	-0.00155086
1982	-0.00313136
2004	-0.00318559
2026	-0.00415971
2048	-0.00282181
2087	-0.00666065
2110	-0.00666065
2305	-0.00166881
2327	-0.00413552
2349	-0.0113543
2371	-0.00222138
2442	-0.00429755
2464	-0.00411285
2486	-0.00151057
2563	-0.00242697
2585	0.000622164
2659	-0.00141199
2695	-0.0147537
2974	-0.00348816
2996	-0.00172282
3070	-0.00376816
3190	-0.0013847
3212	0.00145253
3234	0.000608007
3256	-0.000113833
3278	6.005e-06
3300	9.9292e-05
3322	5.0353e-05
3344	-0.000308059
3366	5.055e-05
3388	-0.00022933
3410	-0.000143688
3432	0.00019251
3454	7.52e-07
3476	-0.000196498
3498	-3.8447e-05
3520	-0.000405106
3542	-0.00423902
3564	0.000225932
3586	-0.00258909
3608	-0.00147978
3630	0.000457905
3652	-0.00145667
3675	-0.00105491
3697	-0.000742987
3719	-0.00497757
3741	-0.00320612
3779	0.000178303
3801	-0.00334103
3823	-0.0119247
3846	-0.00581743
3868	0.00192386
3890	0.000303399
3912	0.000104474
3934	-0.000374042
3956	-0.00197158
3978	-0.0207604
4120	-0.00761096
4164	-0.00481457
4293	0.000273785
4353	-0.0043817
4391	-0.00163251
4413	-0.00235302
4435	0.000846715
4457	-0.000210172
4479	-0.000328027
4501	-0.00416224
4530	-6.5111e-05
4552	-0.000245547
4607	-0.00042924
4629	-0.000311418
4669	-0.0118843
4730	-0.00276355
4752	-0.0019408
4774	-0.00388
4885	-0.00240086
4907	-0.00118835
4929	0.000780288
4951	0.000262389
4973	-0.0092574
4995	-0.000426146
5017	-0.000579864
5039	-0.00110643
5061	-0.00125492
5102	-0.00206317
5124	-0.00346707
5156	-0.00202979
5178	-0.00499123
5200	-0.00023383
5222	-0.00291579
5244	-0.00153587
5312	-0.0036543
5351	-0.0013327
5385	0.00118543
5407	-0.000703688
5429	-0.00101668
5451	0.00165165
5473	1.0391e-05
5495	-0.000737187
5525	-0.00197634
5547	0.000463282
5569	-0.00532527
5591	-0.000991042
5613	0.000439687
5635	-0.00185306
5657	0.000201283
5679	-0.00338447
5746	0.000608829
5768	-0.000395565
5790	-0.00159449
5812	-0.0014549
5835	0.000267133
5857	0.000274341
5879	-0.00641878
5920	0.0011935
5942	-0.00414611
5964	0.000129798
5986	-0.000960145
6009	-0.00100716
6031	-0.00193072
6060	-0.000521194
6082	-0.00029093
6104	-0.00877344
6126	-0.00242042
6148	-0.00106522
6170	-0.000657741
6193	-0.00743879
6216	-0.00310786
6275	0.000453953
6297	-0.000485801
6319	0.000687016
6341	-0.00083569
6363	-0.00517092
6385	-0.00120278
6408	0.000310783
6430	0.00152054
6452	-0.00360342
6474	-0.00101668
6496	-0.00414155
6608	-0.00305716
6631	-0.00305716
6654	-0.00305716
6676	-0.000810638
6698	-0.00128486
6720	0.00165061
6742	-0.000618171
6764	-0.00604355
6786	-0.00516383
6808	-0.0019145
6830	-0.00213465
6885	-0.00311843
6959	-0.0003929
6981	-0.000243151
7005	-0.00070835
7027	-0.00660311
7049	-0.00154355
7071	-0.00289612
7093	0.00141837
7115	-0.0017732
7137	-0.0024609
7160	-0.00185387
7183	-0.00185387
7206	-0.00292343
7228	-0.00401075
7250	-0.00557187
7273	-0.000332828
7338	-0.00739412
7361	-0.00739412
7383	-0.00152766
7405	0.000168266
7427	-0.00447353
7449	-0.00439065
7471	-0.00261757
7494	-0.00146152
7516	-0.0017269
7539	-0.00359728
7562	-0.00359728
7585	-0.00324774
7608	-0.00324774
7630	-0.000871755
7652	-0.00364123
7674	-0.00560735
7696	-4.1427e-05
7718	-0.0100771
7740	-0.00553183
7762	0.00170111
7784	-0.0017692
7806	-0.00507879
7828	0.00137853
7850	0.000160749
7872	0.00072449
7894	-0.00196325
7916	-0.000472007
7938	-0.000301691
7960	0.000155369
7982	-0.00259468
8004	0.001584
8026	-0.000602076
8048	0.00156023
8070	-0.0035657
8093	-0.000309367
8115	-0.00337401
8138	0.000717251
8160	-0.00309673
8182	-0.0017263
8204	-0.00685704
8226	-0.0138749
8249	-0.00136526
8271	-0.000506429
8293	0.000966613
8315	0.000258525
8337	0.000287624
8359	-9.7265e-05
8381	6.129e-05
8403	5.1312e-05
8425	0.000190324
8447	6.646e-06
8469	-7.3825e-05
8491	1.9094e-05
8513	6.8993e-05
8535	-9.412e-06
8557	-8.9989e-05
8579	1.3418e-05
8601	2.6719e-05
8623	-0.000133864
8645	-0.000192927
8667	-8.0212e-05
8689	-0.000269978
8711	-0.000672709
8733	0.000599987
8755	-0.000199629
8777	-7.7443e-05
8799	0.000123133
8821	0.000782986
8843	0.000367172
8865	-0.000522703
8887	-0.00215148
8909	-0.00298835
8931	-0.000181163
8953	0.00112379
8975	-0.00345704
8997	0.000763253
9019	-5.1755e-05
9041	0.000356931
9063	-0.000481497
9085	-0.00131971
9107	-0.00556698
9129	-0.0012712
9151	-0.00679457
9173	-0.000678559
9195	0.000968303
9217	-0.000487938
9239	4.0232e-05
9261	-0.00240997
9283	-0.00196658
9305	-0.00119047
9327	0.000180581
9349	-1.1878e-05
9371	-0.00786651
9394	0.000297527
9416	-0.00185167
9438	-0.00527379
9460	-0.00193808
9482	-0.00782327
9504	-0.000374018
9526	-0.0132806
9548	-0.00217974
9570	-0.00282093
9592	-0.00262364
9614	-0.000854599
9636	0.000810766
9658	-0.00300901
9680	-0.00102627
9702	-0.00117544
9724	0.000909273
9746	0.00013883
9768	-0.00107473
9806	-0.00025424
9828	-0.000445075
9850	-0.0047772
9873	-0.00274736
9895	-0.00086897
9917	0.000984714
9939	-0.004979
9962	0.000708174
9984	0.00209989
10006	5.2791e-05
10028	0.000220186
10050	-0.000155512
10072	-0.000815841
10094	-0.00199721
10116	-0.00130381
10138	-0.00589598
10160	0.000227369
10182	-0.00500785
10204	-0.00286768
10226	-0.000828641
10249	-0.0026789
10271	-0.00940733
10293	0.000450271
10315	-0.000905503
10337	-0.000599609
10359	-0.00466067
10381	-0.00113341
10403	-0.00641099
10442	0.0010147
10464	-0.000286973
10486	-0.00218991
10508	0.00066749
10530	-0.000523398
10552	-0.00365814
10575	-0.00428556
10598	0.000541879
10621	-9.0687e-05
10643	-0.00122467
10665	0.000433121
10687	-3.3551e-05
10709	0.000428055
10731	-0.000120309
10753	0.000282332
10775	-0.000153934
10797	0.00023189
10819	-0.000564153
10841	5.5146e-05
10863	-6.2884e-05
10885	-9.1466e-05
10907	7.8166e-05
10929	-0.00177005
10951	0.000696359
10973	-0.000101983
10995	-0.00213276
11017	0.000117944
11039	-0.00289567
11061	7.9565e-05
11083	-0.000246571
11105	-8.9026e-05
11127	-0.000278457
11150	0.000758656
11172	-0.00138671
11194	-0.000208295
11216	-0.00180667
11238	-4.737e-05
11260	-0.00491023
11282	-0.00184874
11304	-0.000831441
11327	-0.00147604
11349	-0.00115267
11371	-0.00115715
11393	0.000853457
11415	-0.00376013
11437	-0.00175827
11459	-0.00762561
11482	-0.00147775
11504	-0.00389414
11527	-0.00369104
11549	-0.00146597
11571	0.000972553
11593	0.000192807
11615	0.0001383
11637	-0.000182071
11659	0.00048893
11681	-0.000270793
11703	0.000106629
11725	-0.000825523
11747	9.0175e-05
11769	0.00016388
11791	1.7668e-05
11813	3.8579e-05
11835	3.1451e-05
11857	-5.4754e-05
11879	7.6584e-05
11901	4.6621e-05
11923	-5.2066e-05
11945	-0.000143271
11967	2.4719e-05
11989	-0.000239396
12011	5.383e-06
12033	4.8152e-05
12055	-2.5723e-05
12077	2.2798e-05
12099	-4.0904e-05
12121	1.6278e-05
12143	2.7199e-05
12165	-0.000157732
12187	-3.2667e-05
12209	5.4061e-05
12231	0.000105172
12253	4.3625e-05
12275	2.1341e-05
12297	1.8892e-05
12319	-1.8155e-05
12341	-7.9325e-05
12363	8.162e-06
12385	-1.627e-05
12407	-6.2646e-05
12429	-5.375e-06
12451	-4.489e-06
12473	-1.7371e-05
12495	4.6774e-05
12517	-1.1127e-05
12539	-5.5066e-05
12561	-3.68e-06
12583	-4.1345e-05
12605	5.3703e-05
12627	-2.24e-07
12649	-0.000355543
12671	-0.00021321
12693	-3.166e-05
12715	0.000124453
12737	5.1389e-05
12759	1.5816e-05
12781	-7.0058e-05
12803	5.167e-06
12825	-0.000110767
12847	-0.000251354
12869	-0.000418158
12891	0.000181835
12913	-0.000682495
12935	0.00012562
12957	-0.0103026
12979	-0.0014566
13001	0.000985943
13023	-0.000238815
13045	-0.00411061
13067	-0.000912182
13089	-0.00539957
13111	0.000566179
13133	-0.00104539
13155	-0.000397686
13177	0.000386673
13199	0.00122314
13221	-0.00111171
13244	-0.000197297
13267	-0.000197297
13290	-0.000821153
13312	-0.00232089
13334	-0.00131819
13357	-0.00328693
13379	-0.0111285
13401	0.00122832
13423	0.000200785
13445	0.000395064
13467	2.3928e-05
13489	-0.000132284
13511	-5.8846e-05
13533	-4.3835e-05
13555	-0.000352763
13577	0.00016872
13611	0.0015304
13633	-0.00289199
13655	-0.00467414
13677	0.000834274
13699	-0.00469356
13721	0.000718642
13743	-0.000912081
13765	-0.000835365
13787	0.000679676
13809	-0.000322658
13831	0.000120323
13853	0.000123679
13875	-0.000251495
13897	-0.000312358
13919	-0.0011989
13941	2.0852e-05
13963	0.000287584
13985	-0.000593704
14007	-0.00192985
14029	-0.000445005
14051	-0.00196772
14073	-0.000484334
14095	-0.00281953
14117	-0.0017303
14139	-0.00162919
14161	-0.00128848
14183	-0.00326338
14205	-0.0119221
14227	-0.0139258
14250	0.00141477
14272	-0.000891613
14294	-0.00155819
14316	-0.00106923
