111	-0.6398
144	-0.746
176	-1.101
208	-1.0928
240	-1.0025
272	-1.4862
389	-2.4204
431	-1.357
630	-1.3168
663	-1.2139
695	-1.0702
727	-1.4478
764	-1.2444
805	-1.7794
837	-1.219
869	-0.8416
901	-1.2615
933	-1.3818
965	-1.4359
1010	-1.0813
1042	-0.7812
1075	-1.3917
1199	-1.3023
1231	-1.0909
1469	-0.9916
1501	-2.0539
1534	-1.1373
1566	-1.0093
1598	-1.1789
1630	-1.6552
1663	-1.2657
1695	-1.5724
1777	-0.9614
1809	-1.1495
1841	-1.4991
1874	-0.8812
1906	-1.432
1939	-2.5797
2005	-2.117
2038	-2.117
2082	-1.5363
2115	-1.9821
2364	-1.1505
2447	-1.2957
2479	-0.8652
2511	-0.7422
2543	-0.9152
2575	-0.577
2607	-0.742
2639	-0.6237
2671	-0.9862
2703	-0.8403
2735	-1.0157
2767	-1.4066
2827	-1.7999
2859	-1.0133
2892	-1.8854
2924	-1.1221
2956	-0.8324
2988	-1.0757
3020	-1.1917
3052	-1.2498
3085	-1.6071
3117	-1.6401
3240	-1.4853
3559	-1.5053
3592	-1.5053
3624	0.1033
3656	-1.9446
3716	-1.3401
3882	-1.0006
3947	-1.6087
3979	-1.1564
4011	-1.1485
4043	-1.1324
4162	-0.8932
4194	-1.3414
4226	-1.5175
4259	-1.3457
4291	-1.1956
4323	-1.2671
4355	-0.8472
4387	-1.2905
4419	-0.9843
4451	-1.5479
4487	-1.3049
4519	-0.9251
4551	-0.745
4583	-1.0018
4615	-0.9326
4648	-1.6807
4680	-1.3089
4712	-0.9442
4800	-1.0495
4832	-0.9006
4864	-0.7131
4896	-0.8127
4928	-0.8075
4960	-1.1369
4992	-1.1442
5024	-1.5364
5056	-1.227
5088	-0.8242
5120	-0.9743
5152	-1.2004
5184	-1.1069
5216	-0.9784
5248	-1.0229
5280	-1.3531
5312	-1.329
5344	-1.005
5376	-1.6928
5408	-1.0992
5440	-1.7787
5472	-1.1641
5504	-1.5846
5731	-0.9345
5764	-0.9345
5796	-1.5164
5828	-0.6585
5860	-2.1224
6000	-0.7896
6032	-1.8928
6317	-1.1371
6349	-0.8733
6381	-0.6897
6413	-0.9418
6445	-2.7226
6510	-1.5551
6650	-1.5734
6682	-1.4877
6714	-2.264
6747	-1.6939
6779	-1.0802
6811	-1.2605
6876	-1.4906
6982	-1.7033
7025	-1.009
7057	-1.4038
7090	-1.3217
7204	-1.1451
7236	-1.279
7268	-1.5163
7300	-1.273
7332	-1.4678
7365	-1.5741
7397	-1.0017
7429	-0.9799
7461	-0.8579
7493	-0.6941
7525	-0.7255
7557	-1.2266
7625	-1.2127
7657	-1.0744
7689	-2.3634
7722	-1.6032
7754	-1.5371
7786	-2.1017
7864	-1.4333
7896	-1.5388
7928	-1.2523
7960	-0.8066
7992	-1.4792
8075	-0.8856
8107	-0.9083
8139	-1.6336
8174	-1.042
8206	-1.1203
8238	-1.0365
8270	-1.0683
8303	-2.0597
8444	-2.2683
8476	-1.4251
8508	-1.5089
8540	-1.006
8573	-1.6796
8605	-1.3366
8684	-0.6416
8716	-0.6124
8748	-0.8807
8780	-1.0434
8812	-0.7484
8844	-0.6017
8876	-2.0896
8958	-0.9082
8990	-2.0863
9022	-1.2951
9074	-1.2004
9106	-1.3921
9138	-0.8226
9170	-2.1931
9209	-1.4289
9241	-2.9445
9302	-1.8783
9462	-0.716
9495	-1.4322
9527	-0.9863
9559	-0.5043
9591	-1.1529
9623	-0.9866
9655	-0.6358
9687	-0.8846
9719	-0.9384
9790	-1.1482
9822	-0.882
9897	-1.0252
9929	-1.1072
10055	-1.2563
10088	-1.7913
10222	-1.3223
10254	-0.8923
10286	-1.2419
10318	-1.771
10350	-1.3983
10382	-1.2656
10421	-0.8918
10453	-0.5273
10485	-1.1773
10517	-1.7589
10549	-1.3721
10582	-1.1206
10614	-0.6855
10646	-1.0614
10678	-1.082
10710	-1.3581
10834	-1.4481
10929	-1.2989
10967	-0.9291
10999	-0.5356
11031	-0.9792
11063	-1.3732
11106	-1.1861
11138	-1.2913
11170	-1.1479
11202	-2.2804
11234	-1.1735
11266	-1.2827
11300	-1.4632
11332	-1.9184
11364	-0.9108
11396	-1.7814
11428	-1.1668
11460	-2.2425
11492	-1.3332
11524	-1.1573
11556	-0.6928
11588	-0.9434
11620	-0.7257
11652	-1.2918
11685	-1.2199
11718	-1.6084
11751	-1.6084
11784	-1.5314
11851	-1.5531
11883	-1.0385
11965	-1.3045
11997	-1.2902
12029	-1.0737
12061	-0.8494
12093	-1.1062
12125	-1.2613
12157	-1.5866
12211	-1.2356
12243	-1.0962
12275	-0.9372
12307	-1.4234
12345	-0.8103
12377	-1.102
12409	-0.7571
12441	-1.439
12507	-1.1628
12539	-0.7578
12571	-2.4836
12604	-1.4185
12636	-2.028
12668	-1.3418
12700	-1.7653
12780	-1.1743
12813	-1.4244
12845	-0.8334
12935	-1.0609
12967	-0.9661
12999	-0.6971
13031	-0.6827
13063	-1.5564
13095	-2.2542
13128	-0.9594
13183	-1.0931
13215	-1.0759
13247	-0.9733
13279	-1.0651
13311	-0.88
13343	-0.9601
13386	-1.1618
13418	-1.7861
13450	-1.2626
13482	-1.3392
13533	-1.4292
13566	-1.3987
13626	-1.0378
13721	-1.235
13753	-1.0812
13785	-1.3738
13817	-1.5102
13849	-1.5073
13881	-1.3357
13920	-1.4012
13952	-1.798
14015	-1.1025
14047	-0.9256
14079	-1.245
14111	-0.9728
14143	-0.9819
14175	-0.7007
14208	-1.6097
14240	-1.0533
14272	-0.9512
14305	-1.7386
14338	-0.9021
14370	-1.2527
14402	-0.7659
14434	-0.9183
14466	-0.9722
14498	-1.0352
14530	-0.7334
14562	-1.349
14594	-0.8432
14626	-2.6887
14683	-1.0101
14715	-1.2044
14748	-1.0336
14780	-1.6022
14813	-0.8804
14845	-0.9128
14877	-0.4388
14909	-1.2157
14941	-0.8954
14973	-0.9358
15005	-0.8921
15037	-1.3653
15071	-1.2443
15103	-1.2634
15135	-1.2018
15167	-1.0422
15199	-1.2623
15231	-1.6523
15263	-0.7677
15295	-1.3104
15328	-1.9446
15403	-1.6492
15435	-0.8267
15467	-0.8447
15499	-1.574
15531	-1.2023
15563	-1.0668
15595	-0.724
15627	-2.64
15659	-1.4254
15691	-1.9505
15734	-1.2267
15766	-0.9609
15798	-0.877
15830	-1.1963
15862	-0.5376
15894	-0.711
15926	-0.9312
15958	-1.22
15990	-0.8795
16022	-1.0382
16054	-1.385
16087	-1.1238
16119	-1.5281
16151	-0.8542
16183	-1.2351
16215	-0.7827
16247	-1.4463
16283	-1.192
16315	-1.0771
16348	-0.7887
16380	-1.5974
16412	-2.3812
16444	-1.0059
16476	-1.0718
16508	-1.3083
16540	-0.7114
16572	-1.1171
16604	-1.8077
16636	-2.1304
16668	-1.4518
16700	-1.0371
16732	-0.5867
16764	-1.1972
16796	-0.9255
16828	-1.3157
16860	-2.5385
16893	-1.2946
16925	-1.0508
16957	-1.0088
16989	-1.6355
17021	-1.5899
17053	-1.3735
17085	-0.9693
17117	-1.2418
17149	-1.2495
17181	-0.992
17213	-1.2559
17245	-0.7245
17277	-0.704
17309	-1.3385
17341	-0.8677
17373	-0.6872
17405	-1.1478
17437	-1.0106
17469	-0.5833
17501	-0.5973
17533	-1.3991
17566	-0.6259
17598	-0.9786
17630	-0.7129
17662	-0.8216
17694	-1.1533
17726	-0.9609
17758	-1.4767
17791	-1.2567
17823	-1.3472
17855	-1.397
17887	-2.2554
17919	-0.9356
17951	-1.3162
17984	-1.3122
18016	-1.823
18048	-1.7684
18080	-1.7002
18112	-1.2803
18144	-1.6944
18176	-1.0014
18208	-1.192
18240	-0.8295
18272	-1.5255
18304	-0.7479
18336	-0.9002
18368	-2.0008
18400	-1.1007
18432	-0.849
18464	-1.2641
18496	-1.1069
18528	-1.1373
18560	-0.6946
18592	-0.6037
18624	-0.648
18656	-0.4129
18688	-1.3719
18720	-1.1047
18752	-1.1808
18785	-1.19
18817	-0.5986
18849	-1.867
18881	-1.0956
18913	-0.9676
18945	-0.8453
18977	-1.3797
19009	-1.1113
19041	-0.5401
19073	-1.1022
19105	-0.767
19137	-0.9071
19169	-1.8505
19201	-0.9852
19233	-0.9496
19265	-1.0114
19297	-1.7639
19331	-1.2563
19376	-0.8783
19408	-0.9027
19440	-0.7835
19472	-1.045
19504	-2.3681
19537	-1.1174
19569	-1.6064
19602	-1.9118
19634	-1.3976
19688	-0.9177
19720	-1.8308
19752	-1.0729
19784	-0.651
19816	-0.8974
19848	-0.7049
19880	-1.0973
19912	-1.6187
19945	0.182
19977	-2.2006
20028	-1.5162
20060	-1.0576
20092	-1.5137
20130	-1.7608
20162	-0.8651
20194	-1.3346
20226	-1.7031
20258	-2.6862
20294	-1.0151
20326	-2.1117
20359	-1.3015
20391	-0.9407
20423	-1.865
20455	-0.7327
20487	-1.6643
20519	-1.3046
20551	-0.5408
20583	-1.199
20615	-1.5385
20647	-1.2778
20679	-1.4512
20711	-0.9237
20743	-0.8025
20775	-1.0648
20836	-1.3912
20868	-1.0519
20900	-1.0953
20932	-2.4644
20964	-0.821
20996	-2.2945
21028	-0.8179
21060	-0.5055
21092	-1.2087
21124	-1.3466
21156	-0.8598
21188	-1.3783
21225	-0.8327
21257	-0.8744
21289	-1.1994
21321	-0.697
21353	-1.1149
21385	-0.6821
21417	-1.3405
21449	-0.7843
21481	-0.7214
21513	-1.4307
21545	-0.9747
21577	-1.4141
21609	-1.0563
21641	-1.0514
21673	-1.4447
21705	-1.6141
21738	-1.2222
21770	-1.2852
21802	-0.7277
21834	-1.1075
21866	-1.5215
21898	-0.9258
21930	-0.9383
21962	-1.1241
21994	-1.2655
22026	-1.4276
22124	-1.3661
22182	-0.961
22214	-0.882
22246	-0.699
22278	-1.1246
22310	-1.7361
22342	-1.5208
22374	-0.9647
22406	-1.4996
22438	-1.169
22470	-1.1076
22502	-1.1025
22566	-0.7819
22598	-0.9526
22630	-1.0698
22662	-0.8
22694	-0.9457
22726	-1.1011
22758	-0.8666
22790	-1.0051
22822	-1.3508
22854	-0.7757
22886	-0.6249
22918	-0.8982
22950	-1.1137
22982	-0.9801
23014	-1.4766
23046	-1.2423
23079	-1.3325
23111	-0.6677
23143	-1.5951
23175	-1.0638
23207	-1.3129
23239	-1.4078
23271	-1.1854
23303	-1.2831
23335	-0.5466
23367	-0.4585
23399	-0.6312
23431	-0.6981
23463	-0.6978
23495	-1.049
23527	-2.1165
23559	-1.1434
23591	-1.006
23623	-1.6963
23655	-1.0774
23687	-1.2117
23719	-1.2221
23751	-0.8637
23783	-1.1319
23815	-1.1507
23847	-1.1442
23879	-0.9573
23911	-0.5018
23943	-1.7859
23976	-0.6347
24008	-1.3616
24040	-0.9472
24125	-0.9011
24157	-0.8544
24189	-0.426
24221	-0.9264
24253	-0.6194
24285	-0.7982
24317	-0.7084
24349	-1.2372
24381	-0.6566
24413	-0.8855
24445	-1.7325
24477	-1.0801
24510	-0.9173
24542	-0.6671
24574	-1.1964
24606	-0.6854
24638	-0.6176
24670	-1.5101
24702	-1.1874
24804	-0.7853
24836	-2.0386
24868	-1.5389
24901	-1.3082
24933	-0.614
24965	-1.0157
24997	-0.9626
25053	-1.0283
25085	-1.0012
25117	-0.5115
25149	-1.4689
25181	-1.6958
25214	-1.0973
25246	-1.2001
25278	-0.7911
25310	-0.4819
25342	-0.969
25374	-1.4821
25406	-0.6887
25438	-1.2324
25471	-1.259
25503	-1.1649
25535	-1.3246
25567	-0.9281
25599	-1.4918
25632	-0.7712
25664	-1.0665
25696	-1.0757
25728	-0.8861
25760	-1.7622
25793	-1.8564
25826	-0.8867
25858	-1.797
25935	-1.14
25967	-1.4143
25999	-1.2339
26031	-1.7952
26063	-1.2313
26095	-0.7917
26127	-0.812
26159	-1.2629
26192	-0.9292
26224	-1.2046
26256	-0.8643
26288	-0.7934
26320	-1.3083
26352	-0.8818
26384	-1.3276
26416	-1.1635
26501	-1.9066
26533	-3.0188
26729	-1.347
26761	-1.3519
26878	-1.137
26910	-1.2001
26998	-1.4304
27031	-1.5081
27102	-0.7504
27134	-1.0775
27166	-1.6055
27198	-0.9083
27362	-0.9235
27394	-2.0411
27566	-1.4143
27598	-1.3564
27630	-0.8375
27662	-1.3455
27694	-1.0387
27726	-0.8376
27758	-1.6443
27790	-1.3999
27878	-1.0591
27911	-0.8113
27944	0.1355
27976	-1.0616
28008	-1.049
28040	-0.7726
28072	-0.7836
28104	-1.0276
28136	-0.8971
28168	-0.7623
28200	-0.9626
28232	-2.2069
28264	-1.1899
28296	-0.7018
28328	-1.449
28501	-1.9109
28533	-2.0739
28565	-1.9349
28598	-1.0331
28630	-1.4182
28662	-1.4479
28777	-1.5313
28809	-0.7529
28873	-1.1184
28905	-1.0654
28937	-1.6647
28969	-1.2532
29002	-1.6161
29035	-1.619
29067	-0.9337
29099	-1.1395
29131	-0.8178
29163	-1.4739
29195	-1.188
29227	-1.6101
29262	-1.7986
29295	-1.143
29327	-1.1301
29359	-1.0202
29391	-0.9016
29423	-1.1687
29455	-1.0648
29487	-0.8118
29519	-0.7161
29551	-0.872
29583	-1.8126
29615	-0.3976
29647	-0.8652
29679	-0.606
29711	-0.716
29743	-1.5392
29775	-1.9603
29807	-0.5752
29839	-0.3822
29871	-0.8827
29903	-1.5515
29935	-2.9341
29967	-1.0492
29999	-1.4755
30031	-1.948
30125	-1.0684
30157	-0.9976
30189	-0.8855
30221	-0.6739
30253	-0.8543
30285	-0.9485
30317	-1.4667
30360	-1.1264
30392	-0.7323
30424	-1.5608
30456	-1.2294
30488	-1.0584
30520	-1.0375
30552	-1.0964
30585	-1.0464
30617	-0.631
30649	-1.346
30695	-1.0573
30727	-2.3853
30759	-1.1152
30791	-1.6009
30823	-1.4208
30855	-0.9876
30887	-1.0547
30919	-0.8484
30951	-1.0163
30983	-1.092
31015	-1.1985
31047	-0.7418
31079	-0.8671
31111	-1.1562
31143	-2.8772
31204	-0.982
31236	-1.5814
31268	-1.1878
31300	-2.0664
31349	-1.1353
31381	-1.0996
31413	-1.0485
31445	-0.6027
31477	-0.6729
31509	-1.9732
31542	-1.6411
31638	-1.1018
31670	-1.5915
31702	-1.0445
31734	-0.4771
31766	-1.2525
31798	-1.1828
31831	-0.9495
31884	-1.1054
31917	-0.7408
31950	-1.3252
31982	-0.8562
32014	-1.1214
32046	-1.0657
32078	-0.9499
32127	-1.2393
32180	-1.4717
32212	-1.6342
32244	-0.9665
32310	-0.8077
32342	-0.7324
32374	-1.6059
32406	-0.7594
32438	-0.7088
32470	-0.5691
32502	-1.1069
32534	-0.9562
32566	-0.8567
32598	-0.9848
32630	-1.1085
32662	-0.7275
32694	-1.1336
32726	-1.1851
32758	-0.9579
32790	-0.6966
32822	-0.9836
32854	-1.6283
32887	-1.1057
32939	-1.0911
32971	-1.3643
33003	-1.2627
33035	-1.1397
33087	-1.0713
33120	-1.8486
33152	-1.8556
33184	-0.3852
33216	-0.6564
33248	-1.3559
33285	-0.9733
33317	-0.8765
33349	-0.9989
33381	-1.7956
33414	-1.1132
33446	-1.1324
33478	-0.9949
33510	-0.6123
33542	-2.0331
33575	-1.3001
33631	-1.2831
33663	-1.4477
33695	-1.2569
33727	-1.4664
33759	-0.8986
33791	-0.9136
33823	-1.3782
33859	-1.5304
33891	-2.5757
33923	-0.938
33955	-0.8306
33987	-1.0635
34019	-0.9962
34051	-1.7967
34083	-2.9331
34115	-1.6997
34147	-1.2583
34179	-0.5483
34211	-1.3066
34243	-1.8463
34275	-1.1918
34307	-0.7923
34339	-0.5684
34371	-1.4953
34403	-1.498
34435	-0.7863
34467	-1.3298
34500	-1.8547
34574	-1.6616
34606	-2.5328
34638	-1.0102
34670	-1.1726
34702	-0.525
34734	-1.5327
34766	-1.2564
34798	-0.6686
34830	-1.1863
34862	-1.9233
34894	-0.9597
34926	-0.9624
35007	-2.4792
35039	-0.9167
35071	-0.5758
35103	-0.691
35136	-0.752
35168	-0.7412
35200	-1.0027
35232	-0.9149
35264	-1.8234
35296	-1.6854
35328	-1.2517
35360	-0.4933
35392	-0.924
35424	-0.6374
35456	-1.1504
35488	-1.3942
35520	-0.7704
35552	-0.8622
35584	-1.3046
35646	-1.2151
35678	-1.2968
35710	-1.1595
35742	-0.7648
35774	-0.9786
35806	-0.9308
35838	-0.9925
35870	-1.107
35902	-1.7503
35934	-1.5442
35966	-1.9841
36000	-2.0719
36032	-1.5891
36064	-0.9749
36096	-0.5776
36128	-1.0043
36160	-0.8958
36192	-0.6883
36224	-0.8987
36256	-1.8838
36289	-0.8064
36321	-0.8273
36353	-0.953
36385	-0.9323
36417	-0.6118
36449	-0.5544
36481	-0.3843
36513	-1.0976
36545	-0.7442
36577	-1.4949
36621	-1.6645
36653	-0.9122
36685	-0.5919
36717	-0.4881
36749	-1.1916
36781	-0.869
36813	-1.1948
36898	-1.0225
36931	-1.0205
36963	-1.3512
36995	-2.3132
37054	-1.063
37086	-0.7428
37118	-1.0337
37150	-1.3042
37182	-1.2377
37214	-0.485
37246	-0.8817
37278	-0.5103
37310	-1.3163
37342	-0.8651
37374	-0.9305
37406	-1.1789
37438	-0.7716
37470	-1.4136
37502	-0.9554
37534	-0.5571
37566	-1.065
37598	-0.8917
37630	-0.9217
37662	-1.3032
37694	-0.6918
37726	-0.7898
37758	-0.9424
37790	-0.8432
37822	-0.854
37854	-0.8718
37886	-1.1419
37918	-0.977
37950	-0.6256
37982	-1.3874
38014	-2.6097
38046	-0.8426
38078	-0.7529
38110	-1.2202
38142	-2.3462
38174	-0.7081
38206	-1.4726
38238	-0.6945
38270	-2.4022
38302	-1.6857
38335	-1.2474
38385	-1.0852
38418	-0.8973
38450	-0.8722
38482	-0.7654
38514	-2.763
38546	-1.1448
38578	-0.7787
38610	-1.2503
38642	-0.5081
38674	-0.7177
38706	-0.4716
38738	-0.926
38770	-1.9188
38803	-1.2529
38835	-0.9091
38867	-1.4717
38899	-0.8869
38931	-0.8128
38963	-1.5399
38995	-1.5
39027	-0.9527
39059	-1.0354
39091	-0.7624
39123	-1.4241
39155	-0.906
39187	-0.9766
39219	-0.937
39251	-1.4354
39283	-2.2336
39316	-0.9398
39348	-1.5743
39381	-1.8408
39413	-1.4087
39446	-1.4189
39478	-1.6262
39525	-1.216
39557	-1.0981
39599	-1.114
39631	-1.1583
39663	-0.8312
39695	-1.6298
39727	-1.0147
39759	-0.9709
39791	-0.7755
39823	-0.7072
39855	-1.4024
39887	-0.9591
39919	-1.9336
39952	-0.9704
39984	-0.9471
40016	-0.4327
40048	-0.9661
40080	-0.9081
40112	-1.2565
40144	-1.3904
40176	-1.108
40208	-0.8195
40240	-1.1218
40272	-0.7851
40304	-0.6401
40336	-0.8102
40368	-1.2899
40400	-1.3836
40432	-1.0767
40464	-0.6954
40496	-0.8387
40528	-0.726
40560	-1.3495
40630	-1.0819
40662	-2.8769
40695	-1.0913
40727	-2.2541
40759	-1.4318
40792	-1.7331
40824	-1.3053
40856	-1.5533
40902	-2.2049
40935	-2.2049
40967	-1.1381
40999	-2.1276
41032	-1.5069
41064	-0.9719
41096	-1.0316
41128	-0.7567
41160	-1.1662
41192	-0.4323
41224	-0.9077
41257	-1.4183
41290	-0.9496
41322	-1.1323
41354	-0.6687
41386	-0.8359
41418	-1.7235
41450	-1.6768
41483	-2.0758
41515	-1.4298
41547	-1.6941
41663	-1.7789
41696	-1.7789
41762	-1.425
41794	-1.3587
41826	-1.3287
41858	-1.6521
41890	-1.3701
41922	-0.824
41954	-0.8086
41986	-1.0794
42018	-2.3367
42051	-0.724
42083	-1.1614
42116	-1.5614
42149	-1.1848
42182	-1.1848
42214	-1.0952
42246	-1.8796
42279	-1.4355
42311	-1.7653
42343	-0.7283
42375	-1.4879
42407	-1.1718
42439	-1.4298
42472	-1.9038
42529	-1.757
42561	-2.3805
42593	-1.0747
42625	-1.6516
42657	-1.2725
42689	-0.8538
42721	-1.1195
42753	-0.8475
42785	-0.6909
42817	-1.0495
42849	-0.7721
42881	-1.0502
42913	-1.7005
42945	-0.9509
42977	-2.0644
43009	-0.8749
43041	-1.3332
43073	-0.7635
43105	-1.5284
43137	-1.0539
43169	-1.5647
43238	-1.9616
43270	-0.9718
43302	-0.6328
43334	-1.164
43366	-1.441
43398	-1.6677
43430	-1.1197
43462	-1.3854
43494	-0.9666
43526	-0.6185
43558	-1.1635
43590	-1.0428
43622	-1.3942
43654	-0.8904
43686	-1.9169
43718	-1.0812
43750	-0.7647
43782	-0.5356
43814	-1.7468
43881	-1.1844
43913	-1.5964
43945	-1.131
43977	-1.4433
44009	-1.7825
44041	-0.8175
44073	-0.7941
44105	-1.1504
44137	-1.2136
44169	-1.0784
44201	-1.0679
44233	-1.2949
44265	-1.6318
44297	-1.0957
44329	-0.9723
44361	-0.7268
44393	-1.4609
44425	-0.7854
44457	-1.2146
44489	-0.95
44521	-1.657
44553	-1.0019
44585	-1.4253
44617	-2.1083
44649	-2.239
44760	-0.8728
44792	-0.8149
44824	-0.6571
44856	-1.6544
44888	-0.8808
44920	-1.4207
44952	-0.5542
44984	-1.1622
45016	-0.6859
45048	-0.5567
45080	-0.8757
45112	-1.7816
45144	-0.6933
45176	-0.8797
45208	-0.839
45240	-1.0678
45272	-1.2641
45304	-0.9139
45336	-0.9941
45368	-0.9495
45400	-0.6122
45432	-1.6817
45464	-1.0795
45496	-1.1256
45528	-0.8574
45560	-0.6289
45592	-1.0683
45624	-1.0424
45656	-0.5955
45691	-1.6561
45731	-0.8807
45763	-1.1646
45795	-0.8305
45827	-1.3063
45859	-0.836
45891	-0.5333
45923	-1.4075
45955	-1.0742
45987	-0.5833
46019	-0.5058
46051	-1.2708
46083	-0.9483
46115	-0.9416
46147	-1.0965
46179	-1.2934
46211	-1.0761
46243	-0.6689
46275	-0.6518
46307	-1.3843
46339	-1.3352
46371	-2.0409
46403	-1.5708
46447	-1.8198
46480	-1.8198
46512	-1.209
46544	-0.6477
46576	-1.3248
46608	-1.0073
46640	-0.8189
46672	-0.8519
46704	-0.8837
46736	-1.9624
46797	-1.0517
46829	-1.8979
46861	-0.9766
46893	-1.0732
46925	-0.9873
46957	-0.8169
46989	-1.7481
47021	-1.2848
47053	-0.4273
47085	-0.8915
47128	-1.0823
47160	-0.9622
47192	-1.1914
47224	-1.6692
47277	-0.7981
47309	-0.9483
47341	-0.8576
47373	-0.6678
47405	-1.7746
47438	-1.2058
47471	-1.6228
47504	-1.0654
47536	-1.5701
47569	-1.0136
47601	-1.8492
47656	-0.8131
47688	-1.06
47720	-1.669
47753	-0.7444
47785	-1.2217
47817	-0.8689
47849	-1.3208
47881	-1.1952
47913	-1.0973
47962	-0.9343
47994	-0.9518
48026	-0.6632
48058	-0.7338
48090	-0.8263
48122	-1.2645
48154	-1.6575
48193	-0.7624
48225	-0.6321
48257	-0.5916
48289	-1.9621
48321	-1.833
48353	-1.1032
48385	-1.06
48417	-1.5055
48480	-1.0329
48512	-1.959
48591	-0.8876
48623	-1.0287
48655	-1.7533
48687	-1.2743
48719	-0.7349
48751	-0.6478
48783	-1.155
48815	-0.9236
48847	-0.8414
48879	-0.8196
48911	-0.4097
48943	-0.7832
48975	-0.8303
49007	-0.8961
49039	-1.5337
49071	-0.9709
49103	-1.5753
49135	-1.6941
49168	-1.2222
49200	-0.791
49232	-1.6409
49267	-0.9041
49299	-0.7264
49331	-1.1985
49363	-1.4566
49430	-1.0915
49462	-1.3085
49494	-1.0032
49526	-0.6321
49558	-0.7843
49590	-1.289
49622	-0.8788
49654	-0.4375
49686	-1.1197
49718	-0.648
49750	-1.302
49788	-1.3138
49820	-1.7231
49852	-1.0945
49884	-2.7602
49916	-0.9027
49948	-0.9582
49980	-2.128
50046	-1.0723
50078	-0.6762
50110	-0.7554
50142	-0.7464
50174	-1.1347
50206	-1.0926
50238	-1.3267
50270	-0.78
50302	-1.3013
50334	-1.484
50366	-0.865
50398	-1.0379
50430	-1.9902
50462	-0.7816
50494	-1.1297
50527	-0.9062
50559	-1.9364
50592	-0.9801
50624	-2.889
50657	-1.0749
50689	-1.0182
50721	-0.9285
50753	-1.2102
50785	-0.601
50817	-1.7271
50849	-1.9693
50918	-0.931
50950	-1.7837
50983	-1.347
51015	-0.7339
51047	-1.9089
51080	-1.0109
51112	-1.3484
51144	-0.7095
51176	-0.6443
51208	-0.9777
51240	-0.7976
51272	-0.7003
51304	-1.261
51336	-1.1709
51368	-1.2185
51400	-1.6802
51432	-1.4265
51465	-1.4573
51497	-2.126
51547	-1.567
51579	-0.7481
51611	-0.9021
51643	-0.8869
51675	-1.6107
51707	-1.498
51740	-0.9533
51772	-0.5134
51804	-0.7854
51836	-0.9432
51874	-1.0019
51906	-1.1477
51938	-0.93
51970	-1.0239
52002	-1.2252
52034	-1.5054
52066	-1.064
52098	-0.449
52130	-0.8698
52162	-0.8088
52194	-0.8253
52226	-0.9698
52258	-1.3742
52290	-0.9658
52322	-0.7152
52354	-0.7776
52386	-1.4075
52418	-1.2757
52450	-0.6375
52482	-0.7944
52514	-1.5703
52546	-0.9795
52578	-1.1258
52610	-0.7221
52642	-1.6061
52711	-1.8595
52743	-1.0542
52775	-1.194
52807	-0.7927
52839	-0.7621
52871	-0.5345
52903	-1.0452
52935	-1.1358
52967	-1.443
52999	-0.8637
53031	-0.7968
53063	-1.1132
53095	-0.7257
53127	-0.8769
53159	-2.1497
53192	-1.7696
53224	-0.6381
53256	-0.6445
53288	-0.4371
53320	-0.9455
53352	-0.7585
53384	-1.6401
53416	-1.0251
53448	-1.4797
53481	-0.9465
53513	-0.8514
53545	-1.133
53577	-1.3763
53609	-1.9632
53641	-1.1284
53673	-0.8537
53705	-1.0983
53737	-1.1316
53769	-0.5958
53801	-0.5518
53833	-0.2312
53865	-0.6615
53897	-1.4877
53950	-1.1788
53982	-0.8686
54014	-1.1653
54046	-0.6553
54078	-0.9775
54111	-0.9044
54143	-0.6748
54175	-0.8112
54207	-0.9863
54256	-1.4072
54301	-0.1761
54333	-0.8071
54365	-0.5901
54397	-1.0219
54429	-1.3651
54461	-0.7713
54493	-0.8905
54525	-1.2738
54557	-0.9158
54589	-1.3536
54621	-0.96
54653	-0.9989
54685	-1.9304
54717	-0.7729
54749	-0.784
54781	-0.8433
54813	-0.9156
54888	-0.792
54920	-1.5372
54952	-1.1722
54984	-0.5772
55016	-1.0309
55048	-0.8444
55080	-0.7035
55112	-1.0583
55144	-1.4922
55176	-1.3
55220	-1.5214
55252	-0.9478
55284	-1.1784
55316	-0.9486
55348	-0.9214
55380	-1.7091
55412	-1.5293
55444	-1.2815
55476	-0.7145
55508	-1.8329
55540	-1.2476
55572	-1.2707
55604	-0.8708
55636	-0.8102
55668	-0.4513
55700	-0.6278
55732	-1.1763
55764	-1.0866
55796	-2.1528
55829	-1.1987
55861	-0.5504
55893	-0.7176
55925	-0.6728
55957	-1.053
55989	-1.4213
56021	-1.1184
56053	-1.3845
56085	-0.9961
56117	-1.045
56149	-0.7996
56181	-1.1639
56213	-1.7477
56254	-0.9762
56286	-1.1905
56318	-0.6327
56350	-1.0402
56382	-0.9081
56414	-1.206
56446	-0.6482
56478	-0.6917
56510	-0.6956
56542	-0.9222
56574	-0.9381
56606	-0.7402
56638	-0.6911
56670	-1.5115
56702	-0.9198
56734	-0.8274
56766	-1.632
56798	-1.3403
56938	-1.1119
56970	-0.6913
57002	-0.6069
57034	-1.2154
57066	-1.2429
57098	-1.2322
57130	-1.0623
57162	-1.3824
57194	-1.5445
57227	-1.1726
57259	-1.0014
57291	-0.8934
57323	-2.0941
57355	-1.5153
57387	-0.6215
57419	-1.1655
57451	-0.7447
57483	-0.6231
57515	-0.9961
57631	-2.1992
57663	-1.0897
57695	-0.6949
57727	-0.7554
57759	-0.827
57791	-0.7717
57823	-1.2525
57855	-1.9406
57887	-1.8789
57920	-0.9286
57952	-1.0874
57985	-1.0639
58017	-0.7475
58049	-1.098
58081	-2.9461
58113	-2.1981
58145	-2.6183
58177	-1.7219
58266	-0.867
58298	-1.5467
58330	-0.6063
58362	-1.8323
58395	-0.9579
58427	-1.0838
58459	-0.9376
58491	-1.2102
58523	-0.8231
58555	-1.1448
58587	-0.9708
58619	-1.1468
58651	-1.9178
58683	-1.0123
58715	-1.4601
58747	-0.7186
58779	-1.3912
58811	-1.4213
58843	-0.7521
58875	-1.0611
58907	-0.993
58939	-0.7008
58971	-0.697
59003	-1.1675
59035	-0.9587
59067	-1.695
59099	-1.1521
59131	-3.0556
59171	-1.1192
59228	-0.9894
59260	-2.0547
59293	-1.3728
59332	-1.5596
59365	-0.8988
59489	-1.0341
59521	-1.6721
59554	-1.2974
59586	-1.1372
59618	-1.2899
59651	-0.8762
59683	-1.1757
59715	-0.9756
59747	-0.7691
59779	-0.7619
59811	-0.9661
59843	-1.4323
59876	-0.9446
59908	-1.5333
59962	-0.9465
59994	-0.6564
60026	-2.023
60059	-0.7115
60091	-0.9954
60123	-1.0428
60156	-0.5585
60188	-0.8222
60220	-1.294
60252	-0.9935
60284	-0.6955
60316	-0.7731
60348	-0.6523
60380	-0.7555
60412	-1.9979
60444	-1.1217
60476	-0.8981
60508	-0.769
60540	-0.7029
60572	-1.0729
60604	-1.6617
60637	-0.6361
60669	-0.833
60701	-0.6164
60733	-1.5389
60794	-0.991
60826	-1.1167
60858	-1.0237
60890	-0.9151
60922	-1.2623
60954	-1.4857
60987	-0.8692
61019	-0.905
61051	-1.7296
61084	-0.4872
61116	-0.8954
61148	-1.8769
61191	-0.969
61223	-1.3063
61256	-0.6122
61288	-1.1822
61320	-1.0783
61352	-0.8455
61384	-2.2363
61419	-0.9201
61451	-1.7855
61484	-0.9952
61516	-0.8917
61548	-1.3768
61580	-1.189
61612	-0.6454
61644	-1.281
61676	-1.1338
61709	-0.7701
61741	-1.3582
61773	-1.1413
61805	-1.8304
61838	-0.8673
61870	-0.7538
61902	-0.7453
61934	-0.6802
61966	-1.4055
61999	-0.9197
62031	-0.635
62063	-0.8923
62095	-1.5146
62127	-1.3341
62159	-1.7713
62191	-2.3321
62224	-0.4186
62256	-0.8145
62288	-0.8746
62320	-0.8881
62352	-1.2173
62385	-1.267
62418	-0.6461
62450	-0.5149
62482	-0.9595
62514	-1.1195
62546	-2.1288
62578	-1.0912
62610	-1.2251
62642	-1.5545
62675	-0.7802
62707	-0.9578
62740	-1.0642
62772	-1.8096
62804	-1.1183
62836	-0.8943
62868	-1.0019
62900	-1.2153
62933	-0.6922
62965	-1.3352
62998	-0.9467
63030	-0.6304
63062	-1.5026
63095	-0.719
63127	-1.403
63159	-2.3885
63192	-0.983
63224	-0.5629
63256	-0.8075
63288	-1.3208
63320	-1.7267
63352	-1.2475
63384	-1.1349
63417	-1.0451
63449	-1.1573
63481	-1.0603
63513	-0.8249
63545	-0.5143
63577	-1.0565
63610	-0.5834
63642	-1.484
63679	-0.8935
63711	-1.8589
63744	-1.0372
63776	-1.7161
63820	-0.7912
63852	-0.9243
63884	-0.8449
63916	-1.1815
63948	-1.0239
63980	-0.7253
64012	-1.2143
64045	-0.6007
64077	-1.176
64110	-0.8161
64142	-0.4115
64174	-0.5773
64206	-1.0247
64257	-0.4853
64289	-0.9821
64321	-1.2086
64354	-0.8554
64386	-1.0011
64418	-0.8991
64450	-1.0396
64482	-0.984
64514	-1.2069
64546	-1.2703
64579	-0.5541
64611	-0.7624
64643	-1.111
64675	-0.9365
64708	-0.9036
64740	-0.8472
64772	-1.1607
64804	-1.1488
64836	-1.5849
64869	-1.6595
64901	-0.8209
64934	-1.2394
64967	-0.9031
65000	-1.3434
65032	-1.1356
65065	-0.8098
65097	-1.508
65130	-0.7768
65162	-0.6801
65194	-3.2566
65327	-1.4258
65628	-2.0562
65822	-0.8032
65854	-1.5226
65888	-1.1157
65920	-1.3662
65952	-0.8812
65984	-1.2226
66016	-1.4513
66123	-0.9478
66155	-1.2664
66187	-0.9403
66219	-0.5712
66251	-0.7224
66283	-0.9124
66315	-0.9372
66347	-1.1847
66380	-1.5211
66412	-0.914
66444	-0.9786
66476	-0.6764
66508	-1.2404
66540	-1.0699
66572	-1.1668
66604	-0.7914
66636	-0.8984
66685	-2.2087
66753	-1.7129
66785	-0.8795
66817	-2.8715
66849	-2.349
66881	0.1334
66920	-1.3436
66952	-1.9731
66984	-1.4307
67143	-1.3236
67175	-1.4616
67207	-0.8568
67239	-1.201
67271	-0.9957
67303	-0.6033
67335	-1.0045
67367	-1.6258
67400	-1.2361
67432	-1.1719
67464	-2.1291
67504	-1.0812
67536	-0.9325
67568	-1.1084
67600	-1.0922
67632	-0.8836
67664	-1.8247
67697	-1.2818
67729	-0.6251
67761	-1.2267
67793	-1.0325
67825	-1.03
67857	-1.0495
67889	-1.4627
67921	-0.9738
67953	-1.0328
67985	-0.9607
68017	-1.3998
68049	-1.3408
68081	-1.0858
68113	-1.0435
68145	-1.071
68177	-1.6435
68217	-0.8362
68249	-1.5847
68281	-0.509
68313	-1.2507
68345	-1.0746
68377	-1.1954
68409	-1.0795
68441	-1.4709
68473	-0.9446
68505	-0.6965
68537	-1.1617
68587	-1.5653
68619	-1.075
68651	-0.9062
68683	-0.7578
68715	-1.4069
68747	-0.933
68780	-1.2749
68844	-0.8736
68876	-1.9873
68908	-0.9024
68940	-0.5108
68972	-0.9058
69004	-1.6202
69036	-2.0982
69068	-1.7854
69100	-1.3952
69132	-1.0872
69164	-1.3664
69196	-1.2552
69228	-0.8293
69260	-0.7496
69292	-2.1703
69324	-1.3599
69356	-1.3339
69388	-1.1243
69420	-0.6308
69452	-0.7416
69484	-0.9241
69516	-0.8722
69548	-1.6284
69580	-1.1531
69612	-1.6718
69644	-1.1528
69676	-1.6759
69733	-2.3022
69765	-0.8835
69798	-1.0484
69830	-1.7757
69862	-1.3751
69895	-1.3182
69927	-1.6392
69970	-0.8914
70002	-0.8064
70034	-1.5354
70067	-1.412
70254	-0.8928
70286	-0.7233
70318	-1.662
70350	-0.8397
70382	-1.3269
70414	-0.587
70446	-2.5078
70479	-1.2045
70511	-0.9192
70543	-1.2807
70575	-1.4062
70657	-1.2265
70689	-0.9849
70721	-0.8999
70753	-1.8117
70785	-2.1299
70817	-0.8434
70849	-0.9416
70881	-1.2548
70913	-1.0137
70945	-0.6424
70977	-0.9097
71009	-0.9764
71041	-0.7251
71073	-0.8082
71105	-0.8765
71137	-0.6908
71169	-1.1296
71201	-0.9888
71233	-0.8213
71265	-1.5442
71319	-0.8775
71351	-0.6387
71383	-0.8847
71415	-0.8908
71447	-0.8071
71479	-1.4016
71511	-1.0571
71543	-0.6534
71575	-0.7301
71608	-1.0572
71640	-1.5063
71672	-0.7995
71704	-1.107
71736	-0.6227
71768	-1.7285
71800	-1.0476
71832	-0.5886
71864	-1.2485
71896	-1.6361
71928	-1.0959
71960	-1.8407
71992	-1.0153
72024	-0.876
72056	-1.5229
72088	-1.3874
72120	-0.7546
72152	-0.808
72184	-1.8654
72267	-0.9653
72300	-0.9653
72332	-1.1488
72364	-1.119
72396	-0.6782
72428	-0.9001
72460	-0.6988
72492	-0.6852
72524	-1.1171
72568	-1.0959
72616	-1.1431
72648	-0.9854
72680	-0.8951
72712	-0.9717
72744	-0.6307
72776	-0.5117
72808	-1.4238
72847	-1.5178
72879	-0.8666
72911	-0.8622
72943	-1.1591
72996	-0.8476
73028	-0.7148
73060	-0.7928
73092	-1.1228
73124	-0.8693
73156	-0.3557
73188	-0.9635
73220	-0.7255
73252	-0.8171
73284	-1.499
73316	-1.0157
73348	-0.9608
73380	-1.5094
73412	-1.055
73444	-0.9094
73476	-1.7367
73546	-1.4482
73595	-1.0196
73627	-1.1709
73659	-0.7538
73691	-1.2131
73785	-0.8647
73817	-1.6061
73849	-0.7152
73881	-1.6508
73913	-0.6347
73945	-1.0539
73977	-0.8241
74009	-1.0525
74041	-1.329
74120	-1.3147
74152	-0.7713
74184	-1.716
74233	-1.2345
74265	-0.742
74297	-1.9301
74329	-0.8729
74361	-0.6676
74393	-1.3417
74425	-0.5915
74457	-0.733
74489	-1.0489
74521	-1.0453
74553	-0.7178
74585	-0.8039
74617	-0.8308
74649	-1.3588
74681	-1.6406
74713	-0.675
74745	-1.3068
74777	-1.2023
74810	-1.2672
74842	-1.7075
74874	-0.9127
74906	-1.0874
74938	-0.6589
74970	-1.2001
75002	-0.7719
75034	-2.0316
75066	-1.8174
75098	-1.1193
75130	-0.9667
75162	-1.1687
75194	-1.0676
75226	-0.9831
75258	-1.0355
75290	-1.1512
75322	-0.6846
75354	-0.9794
75386	-0.6194
75418	-1.3244
75450	-0.6519
75482	-1.0092
75514	-1.6117
75546	-1.4223
75578	-1.1617
75610	-1.0205
75642	-0.7841
75674	-0.4363
75706	-0.7091
75738	-0.5131
75770	-1.3655
75802	-0.8267
75834	-0.7169
75866	-1.1149
75935	-1.3621
75967	-0.9155
75999	-1.6594
76031	-1.7064
76063	-0.887
76095	-0.8435
76127	-1.2772
76159	-1.1408
76191	-0.6457
76223	-0.7193
76255	-0.9159
76287	-1.2895
76319	-1.0112
76351	-1.4629
76383	-0.7959
76415	-0.8425
76447	-0.8711
76479	-1.2749
76511	-1.0812
76543	-0.7304
76575	-0.6705
76607	-0.8222
76639	-1.7669
76683	-0.675
76715	-0.8005
76747	-1.066
76779	-2.3691
76811	-0.9087
76843	-2.6389
76875	-1.0283
76907	-0.7804
76939	-1.2503
76971	-0.8226
77003	-0.9528
77035	-0.6339
77067	-1.5054
77099	-1.419
77131	-2.0179
77163	-0.8008
77195	-1.3466
77227	0.1115
77295	-1.1611
77327	-0.647
77359	-2.2776
77623	-1.6138
77655	-0.929
77687	-0.5928
77719	-1.5044
77751	-1.0865
77783	-0.5792
77815	-0.635
77847	-0.8192
77879	-0.6598
77911	-1.1336
77943	-1.4081
78014	-1.375
78046	-0.9379
78078	-0.9307
78110	-1.1606
78142	-0.6471
78174	-1.0244
78206	-1.3822
78238	-0.891
78271	-1.3792
78303	-1.0665
78335	-1.4064
78367	-0.8398
78399	-1.1765
78431	-0.798
78463	-1.0804
78495	-1.0002
78527	-1.2016
78559	-1.6967
78591	-1.3478
78623	-0.8448
78655	-0.8217
78687	-0.7257
78719	-0.7029
78751	-1.1849
78783	-0.9156
78815	-0.9284
78847	-1.1886
78879	-0.8969
78911	-0.8132
78943	-0.6084
78975	-1.2071
79007	-1.338
79039	-1.1357
79071	-0.75
79103	-0.6473
79135	-1.4807
79167	-0.993
79200	-1.2281
79232	-1.4001
79265	-0.9178
79297	-1.8946
79365	-1.338
79397	-1.0148
79429	-0.8574
79461	-1.3567
79493	-2.0619
79531	-1.3505
79563	-1.9127
79596	-1.3066
79628	-2.4143
79660	-1.1532
79692	-1.9461
79724	-1.0823
79756	-0.6235
79788	-0.7793
79820	-0.7686
79852	-1.1692
79884	-0.9246
79916	-1.3289
79948	-1.2071
79980	-1.068
80012	-1.3552
80054	-1.83
80087	-1.347
80119	-0.993
80151	-1.0331
80183	-0.6375
80215	-1.045
80247	-1.5032
80279	-1.196
80311	-1.4741
80343	-1.8817
80375	-1.0468
80407	-1.459
80440	-0.948
80472	-0.9867
80504	-0.844
80536	-0.6671
80568	-0.7354
80600	-0.8983
80632	-0.6724
80664	-1.9859
80726	-1.1955
80758	-1.4931
80790	-1.8621
80877	-0.7198
80909	-0.6917
80941	-1.274
80973	-0.91
81005	-0.952
81037	-0.6214
81069	-2.014
81139	-1.5418
81171	-1.613
81203	-1.3634
81235	-1.0426
81267	-0.7401
81299	-0.8423
81331	-0.7111
81363	-0.7062
81395	-0.5681
81427	-1.2015
81460	-0.9588
81492	-1.1081
81534	-1.1829
81566	-2.1514
81598	-1.3689
81630	-1.0689
81662	-1.2237
81694	-0.6673
81726	-0.8639
81758	-0.8221
81790	-1.1794
81822	-1.4709
81871	-1.3969
81904	-1.0785
81936	-0.6851
81968	-0.4157
82000	-0.8112
82032	-1.2264
82064	-1.2981
82096	-0.6697
82128	-0.8739
82160	-0.7148
82192	-0.9705
82224	-0.7384
82256	-1.5224
82288	-1.0484
82320	-0.6148
82352	-1.3945
82384	-1.2325
82416	-1.1621
82467	-0.981
82499	-1.2305
82531	-1.1591
82563	-1.2633
82595	-0.9647
82627	-2.2494
82659	-0.8674
82691	-1.499
82723	-1.5284
82755	-1.1372
82787	-1.0991
82819	-0.8775
82851	-0.8273
82883	-1.3227
82915	-0.9622
82947	-0.8293
82979	-1.353
83011	-0.7234
83043	-2.2288
83075	-0.8534
83107	-2.2381
83140	-1.3977
83173	-2.0657
83205	-2.2917
83237	-1.9822
83269	-0.8703
83301	-1.4964
83333	-1.4269
83376	-1.2398
83408	-1.217
83441	-0.8766
83473	-1.2449
83506	-0.8816
83538	-1.2314
83570	-1.002
83602	-0.9814
83634	-1.2786
83666	-0.9991
83698	-1.0573
83730	-1.853
83763	-1.3
83795	-2.2703
83827	-1.4458
83860	-1.0866
83892	-1.1587
83924	-1.3771
83956	-1.2677
83988	-0.8039
84020	-1.1491
84052	-1.2237
84085	-0.9516
84117	-0.9533
84149	-0.7855
84181	-1.6621
84213	-2.4119
84258	-2.513
84290	-1.6759
84322	-1.1766
84354	-0.7339
84386	-1.3985
84418	-1.177
84450	-1.339
84482	-1.0389
84514	-2.0466
84546	-2.2429
84578	-1.5532
84610	-0.9566
84642	-0.5439
84674	-0.79
84706	-1.0323
84738	-1.1856
84770	-1.2939
84825	-1.746
84857	-1.1394
84889	-1.1341
84921	-0.8659
84953	-1.2726
84985	-1.208
85017	-0.9642
85049	-2.1455
85143	-0.6948
85175	-3.279
85266	-1.6444
85449	-0.7723
85481	-1.0925
85568	-1.0373
85710	-1.1064
85743	-1.1064
85811	-1.4507
85843	-2.282
85914	-1.2017
85946	-1.702
86005	-1.4197
86037	-1.1761
86069	-1.3043
86101	-0.7349
86133	-1.3082
86165	-1.1767
86197	-1.2229
86229	-0.8622
86261	-1.4543
86293	-0.7649
86325	-1.5432
86560	-2.6672
86592	-1.2795
86624	-1.0267
86798	-1.2549
86831	-1.2549
86863	-1.2538
87002	-0.9857
87034	-0.8539
87066	-0.9654
87098	-1.1895
87130	-0.9275
87162	-1.0129
87194	-0.904
87226	-0.9769
87258	-1.2655
87290	-0.94
87322	-0.7804
87354	-1.3818
87457	-0.9086
87489	-1.3835
87521	-2.1764
87554	-0.9457
87586	-0.6735
87618	-1.2196
87650	-0.9835
87682	-1.3405
87714	-0.984
87746	-0.9056
87778	-0.5992
87810	-1.5221
87843	-0.9527
87876	-0.9527
87908	-0.771
87940	-1.4764
87972	-0.91
88004	-1.0195
88036	-1.2255
88068	-1.0272
88100	-1.3191
88132	-0.5758
88164	-1.8065
88295	-1.1363
88327	-2.3998
88359	-1.01
88391	-0.6777
88423	-0.888
88455	-1.3066
88488	-1.3279
88521	-1.0478
88553	-1.3496
88585	-1.1542
88617	-1.2392
88649	-1.2051
88681	-1.1304
88713	-0.6633
88745	-1.0607
88777	-1.3058
88809	-1.1653
88841	-0.7206
88873	-1.1775
88905	-1.1345
88938	-0.876
88970	-1.3863
89002	-0.8508
89034	-1.4489
89066	-0.8612
89098	-0.9793
89130	-1.4749
89162	-1.4417
89194	-1.4205
89226	-1.0659
89258	-2.0529
89290	-1.3336
89322	-0.9314
89354	-1.161
89386	-0.9272
89418	-0.8515
89450	-1.0307
89482	-0.5762
89514	-1.1809
89546	-0.9387
89578	-1.3445
89610	-0.947
89642	-1.4937
89674	-0.8185
89706	-0.6563
89738	-0.9197
89770	-0.5464
89802	-1.0821
89834	-0.7672
89866	-1.3008
89987	-1.0526
90019	-1.2286
90051	-1.2242
90083	-0.8735
90115	-1.3329
90148	-1.0202
90180	-1.1559
90212	-1.0803
90244	-1.2756
90276	-1.5075
90308	-0.7941
90340	-1.0744
90372	-2.1959
90404	-0.7831
90436	-0.6362
90468	-1.21
90500	-0.7463
90532	-1.5193
90564	-1.8344
90596	-0.9477
90628	-0.6671
90660	-1.181
90692	-1.1582
90724	-1.4737
90875	-1.4662
90907	-0.8917
90959	-1.1331
90991	-1.0622
91023	-1.0533
91055	-1.8191
91087	-0.6853
91119	-1.0879
91151	-1.3159
91183	-1.0567
91215	-0.5942
91247	-1.4861
91367	-0.6075
91399	-1.3601
91450	-1.1643
91482	-1.2185
91514	-1.6043
91546	-1.4168
91578	-1.2111
91610	-0.8425
91642	-0.937
91674	-1.1
91706	-1.8429
91767	-0.844
91799	-1.2517
91831	-0.887
91863	-2.3017
91895	-1.2813
91927	-0.7915
91959	-1.1428
92000	-1.237
92060	-0.6414
92092	-0.9909
92124	-0.6115
92156	-1.1112
92188	-0.9073
92220	-1.1993
92252	-0.8512
92284	-0.8546
92316	-1.0863
92348	-1.3652
92380	-0.755
92412	-1.1491
92444	-0.6746
92476	-0.563
92508	-0.5258
92540	-1.0932
92572	-1.2332
92604	-1.0068
92636	-1.4688
92668	-1.6459
92700	-0.8613
92732	-0.9819
92764	-2.3764
92796	-1.1225
92828	-0.9869
92860	-1.0291
92892	-1.216
92924	-1.9461
92956	-0.8839
92988	-1.3553
93020	-1.1519
93052	-0.9839
93084	-1.2351
93126	-1.1576
93158	-0.9738
93190	-1.0879
93222	-1.2871
93254	-1.266
93287	-1.4022
93320	-0.9233
93352	-0.6828
93384	-0.5211
93416	-1.2058
93526	-0.8898
93558	-0.9461
93590	-1.1588
93622	-0.6721
93654	-0.6613
93686	-1.3626
93718	-0.8414
93750	-1.5369
93782	-1.0924
93814	-0.8308
93846	-0.6682
93878	-1.5679
93966	-1.5369
93998	-1.198
94030	-1.0243
94062	-1.4338
94135	-1.1659
94167	-1.8976
94200	-0.8773
94232	-0.7811
94264	-0.7209
94296	-0.639
94328	-0.3978
94360	-1.3103
94392	-0.8995
94424	-1.1342
94456	-1.3219
94488	-0.8732
94520	-1.1862
94552	-1.1594
94584	-1.0962
94616	-0.6981
94648	-0.6941
94680	-1.4966
94746	-1.1208
94778	-1.1136
94810	-0.7889
94842	-1.2216
94874	-0.8546
94906	-1.0115
94938	-0.4883
94970	-1.4889
95002	-1.0835
95034	-0.9677
95066	-1.376
95098	-1.146
95130	-1.6959
95162	-1.7025
95194	-0.8657
95226	-1.2014
95258	-1.0476
95290	-1.4817
95322	-0.7406
95354	-1.1945
95386	-1.881
95419	-0.9582
95451	-1.6014
95546	-1.4951
95578	-2.1793
95611	-1.1598
95643	-1.3255
95675	-1.2736
95708	-1.0552
95740	-0.6765
95772	-0.7934
95804	-2.4954
95852	-1.5825
95884	-1.013
95916	-1.4846
95949	-1.3979
95981	-2.8335
96044	-1.0922
96076	-1.515
96109	-0.7652
96141	-1.3998
96173	-0.7911
96205	-1.3151
96237	-1.0311
96269	-1.3608
96301	-1.1762
96333	-1.0395
96365	-1.1289
96397	-0.7884
96429	-0.9888
96461	-0.7083
96493	-1.3489
96525	-1.1911
96557	-1.0435
96589	-0.9245
96621	-1.0037
96653	-1.1516
96685	-0.7885
96717	-1.0708
96749	-1.2513
96781	-1.1835
96813	-0.97
96845	-1.5059
96878	-1.6773
96911	-1.0345
96943	-0.6161
96975	-1.3498
97007	-0.7416
97039	-1.2629
97071	-1.5494
97104	-1.503
97136	-0.5303
97168	-1.4186
97200	-1.2913
97232	-1.2973
97264	-1.1846
97296	-1.5299
97356	-0.856
97388	-1.1185
97420	-0.7426
97452	-1.0548
97484	-1.399
97551	-0.6899
97583	-0.5945
97615	-0.8776
97647	-1.2717
97679	-2.461
97726	-1.7667
97805	-1.2156
97837	-1.0046
97869	-0.6855
97901	-0.7257
97933	-1.4821
97965	-1.3027
97997	-0.7783
98029	-1.4041
98062	-0.998
98094	-2.1351
98126	-1.6498
98158	-1.8972
98211	-0.7543
98243	-1.4939
98275	-0.7655
98332	-0.8889
98364	-0.8888
98396	-1.0654
98428	-0.6415
98460	-1.162
98492	-0.8702
98524	-0.7778
98556	-1.1221
98588	-0.653
98620	-1.514
98652	-1.2532
98684	-1.5304
98719	-1.0389
98751	-1.195
98783	-1.0606
98816	-0.8047
98848	-1.069
98880	-0.9358
98912	-0.8303
98944	-1.2004
98976	-1.2121
99008	-1.4087
99041	-1.083
99146	-1.2233
99178	-0.9977
99210	-1.098
99242	-1.8766
99274	-1.2015
99306	-0.7889
99338	-1.0749
99370	-0.9151
99402	-1.3625
99435	-1.2217
99467	-2.1205
99524	-0.9238
99556	-0.9637
99588	-0.6594
99620	-0.9539
99652	-0.5579
99684	-1.4455
99716	-0.7732
99748	-1.8798
99780	-0.7343
99812	-0.6825
99844	-0.4368
99876	-1.5652
99908	-1.3052
99940	-1.0052
99972	-1.464
100004	-1.5016
100036	-2.3501
100068	-0.7317
100100	-1.2365
100132	-1.1573
100164	-1.2019
100196	-0.6564
100228	-0.9575
100260	-2.0998
100318	-0.9528
100350	-0.9805
100382	-1.293
100414	-0.7026
100446	-1.0549
100478	-1.1403
100510	-0.9814
100542	-0.821
100574	-0.9077
100606	-1.1118
100638	-1.1419
100670	-1.2029
100702	-0.9535
100734	-0.6844
100766	-0.7669
100798	-0.8153
100830	-1.212
100862	-1.0572
100894	-0.6981
100926	-0.5414
100958	-0.7477
100990	-0.5579
101022	-1.0612
101054	-0.9845
101086	-0.8218
101118	-1.5059
101184	-0.9013
101216	-1.9376
101249	-1.0343
101282	-1.3786
101314	-1.6486
101346	-0.9506
101378	-1.2137
101410	-0.9977
101442	-0.9495
101474	-1.5291
101506	-1.0924
101538	-2.141
101596	-1.0315
101628	-1.2707
101660	-1.0685
101692	-0.7637
101724	-0.9853
101756	-0.8542
101788	-0.7165
101820	-0.6131
101852	-1.0449
101885	-0.9033
101917	-0.6324
101949	-1.3857
101981	-0.623
102013	-0.9367
102045	-1.4299
102077	-0.7563
102109	-0.9597
102141	-0.9502
102173	-1.0055
102205	-1.5684
102237	-0.727
102269	-0.9988
102301	-1.1699
102333	-0.7269
102365	-1.5324
102397	-0.9132
102429	-0.6443
102461	-0.8149
102493	-0.7814
102525	-0.6257
102557	-0.6386
102589	-1.216
102622	-0.82
102654	-0.9144
102686	-0.9347
102718	-1.1669
102751	-1.2037
102783	-0.8752
102815	-0.6104
102847	-1.2721
102948	-1.2558
102980	-0.6788
103012	-0.6868
103044	-0.4594
103076	-1.2466
103108	-1.3726
103196	-1.0742
103228	-0.713
103260	-1.1134
103292	-1.6248
103324	-0.9177
103356	-2.2167
103419	-0.8857
103451	-0.8696
103483	-1.2281
103515	-1.7945
103547	-1.2582
103579	-1.305
103611	-0.6117
103643	-1.4889
103693	-1.1307
103725	-2.9635
103757	-0.9071
103789	-0.9619
103821	-0.6764
103853	-1.3173
103888	-0.6703
103920	-0.9038
103952	-1.1648
103984	-0.9866
104016	-0.4301
104048	-1.1489
104090	-0.8417
104122	-1.2573
104154	-1.164
104186	-1.2033
104218	-1.1113
104250	-1.1022
104282	-0.9754
104314	-1.2832
104346	-1.4829
104378	-1.0935
104410	-1.4937
104442	-1.1215
104474	-0.7217
104506	-0.5475
104538	-1.1134
104570	-0.6353
104602	-0.6248
104634	-0.911
104666	-1.3434
104735	-0.9989
104767	-1.1828
104799	-1.5486
104832	-0.9698
104864	-1.3545
104896	-1.0118
104928	-1.9024
104961	-1.3496
104993	-1.2322
105025	-0.7649
105057	-1.7871
105089	-0.6902
105121	-0.7215
105153	-0.3787
105185	-0.8836
105217	-1.0197
105249	-0.7216
105281	-1.1086
105313	-0.9753
105346	-2.4737
105379	-1.424
105411	-1.0438
105443	-1.7243
105475	-1.6129
105507	-0.944
105539	-0.91
105571	-1.4919
105603	-0.9506
105635	-0.8459
105667	-0.5084
105699	-0.5939
105731	-1.121
105763	-1.1827
105795	-0.9049
105827	-0.8034
105859	-0.6469
105891	-1.2528
105923	-1.568
105955	-2.4893
105987	-0.948
106019	-0.6372
106051	-1.0056
106083	-0.9828
106115	-1.0373
106147	-1.7798
106179	-0.5673
106211	-0.8833
106243	-1.9599
106275	-1.1038
106307	-1.3282
106366	-1.2566
106398	-1.2799
106430	-1.6596
106470	-0.2633
106502	-1.1767
106534	-0.6632
106566	-0.5996
106598	-0.4721
106630	-0.7828
106662	-1.2461
106694	-1.1245
106726	-1.1795
106758	-1.2801
106790	-1.1925
106822	-1.443
106854	-1.1513
106886	-1.682
106918	-1.1749
106950	-1.2308
106982	-1.5036
107014	-1.1748
107046	-0.8028
107078	-1.1131
107110	-0.706
107142	-0.9868
107174	-0.5538
107206	-0.9089
107238	-1.0813
107270	-1.0793
107302	-1.3838
107334	-1.381
107425	-1.05
107457	-1.9089
107489	-1.1105
107521	-1.0839
107553	-0.8422
107585	-0.9483
107617	-0.944
107649	-0.8014
107681	-0.6465
107713	-0.9519
107745	-1.2052
107777	-0.9993
107809	-0.7312
107841	-0.7152
107873	-1.2459
107905	-1.6178
107938	-0.8108
107970	-1.0249
108002	-0.6774
108034	-1.1412
108066	-1.5323
108098	-1.6755
108131	-0.6005
108163	-0.8371
108195	-1.7238
108227	-1.1443
108259	-1.175
108291	-1.2444
108323	-1.2097
108355	-0.7763
108387	-1.2149
108419	-0.879
108451	-0.7143
108483	-0.685
108515	-0.799
108547	-0.6708
108579	-1.1803
108611	-1.91
108657	-1.006
108689	-1.9386
108775	-0.8729
108807	-1.1129
108839	-0.7827
108871	-0.5771
108903	-2.3323
108935	-0.9074
108967	-1.0636
109000	-1.485
109032	-1.6758
109064	-0.7095
109096	-0.8344
109128	-0.7514
109160	-0.5627
109192	-0.9627
109224	-0.7445
109256	-0.9548
109288	-1.5238
109371	-1.1582
109403	-0.6659
109435	-0.9798
109467	-0.7265
109499	-2.0892
109531	-0.805
109563	-1.6789
109595	-1.5131
109627	-0.9001
109659	-1.5733
109692	-1.1448
109724	-3.2337
109756	-0.9883
109788	-0.9576
109820	-1.0002
109852	-0.6352
109884	-1.164
109916	-0.9173
109948	-0.6749
109980	-1.3433
110033	-1.0561
110065	-2.032
110097	-1.2568
110129	-1.2514
110161	-1.1609
110193	-1.0931
110225	-1.0475
110257	-1.0141
110289	-0.9865
110321	-1.1063
110353	-0.8022
110385	-0.7706
110417	-0.4532
110449	-0.7243
110481	-0.5061
110513	-0.9266
110545	-1.051
110577	-0.7426
110609	-0.6761
110641	-0.3868
110673	-0.9445
110705	-1.5892
110737	-1.3708
110769	-1.5721
110801	-0.9877
110833	-1.6053
110865	-1.5566
110897	-1.023
110929	-0.6352
110961	-1.126
110994	-0.7217
111026	-0.9714
111058	-0.9135
111090	-0.3884
111122	-1.1538
111154	-1.0189
111186	-1.4953
111255	-1.0891
111287	-1.0465
111319	-0.9012
111351	-0.5491
111383	-0.8326
111415	-1.0232
111447	-0.9009
111479	-1.0977
111511	-0.6182
111543	-1.2678
111575	-1.3871
111607	-0.8381
111639	-1.4998
111671	-0.7783
111703	-2.1602
111735	-1.7933
111768	-0.7381
111800	-1.0662
111833	-1.2457
111865	-0.6358
111897	-0.4483
111929	-0.9011
111961	-2.1272
111993	-0.389
112025	-1.2514
112057	-1.2064
112089	-1.1492
112121	-1.6045
112154	-1.4691
112186	-0.8265
112218	-0.6311
112250	-0.9373
112282	-0.7477
112314	-0.4014
112346	-0.7413
112378	-0.9485
112410	-1.3896
112442	-0.8183
112474	-1.2015
112506	-0.7366
112538	-1.0197
112570	-0.6921
112602	-1.7061
112634	-1.3724
112666	-1.4502
112698	-1.2965
112730	-1.1586
112762	-1.2664
112794	-1.1618
112826	-0.6752
112858	-0.7052
112890	-1.5318
112922	-1.0449
112954	-0.9042
112986	-0.7787
113018	-1.1084
113050	-0.5628
113082	-0.6901
113114	-1.015
113146	-1.356
113178	-1.6456
113211	-1.3575
113243	-0.8642
113275	-0.9627
113307	-1.2312
113339	-1.5023
113372	-2.1793
113405	-1.3662
113437	-0.8905
113469	-1.1599
113507	-1.0668
113539	-1.1887
113571	-1.1774
113618	-1.2107
113650	-0.7397
113682	-1.8997
113714	-0.9424
113746	-0.9932
113778	-1.747
113810	-1.0238
113842	-0.9608
113874	-0.753
113906	-0.9553
113938	-2.0091
113971	-1.2129
114051	-1.0123
114083	-1.8161
114115	-1.002
114147	-1.2538
114179	-0.6219
114211	-0.8374
114243	-1.136
114275	-0.7296
114307	-2.7209
114344	-1.0677
114376	-0.7349
114408	-0.9211
114440	-0.6496
114472	-0.8187
114504	-0.9913
114536	-1.2535
114568	-1.077
114600	-0.587
114632	-0.8189
114664	-2.0614
114696	-2.0078
114729	-1.4711
114761	-0.6793
114793	-1.029
114825	-0.6501
114857	-1.272
114889	-1.1519
114921	-0.9344
114953	-1.0395
114985	-0.8414
115017	-1.3303
115049	-0.9558
115081	-2.0902
115113	-0.7058
115145	-1.5271
115177	-1.1526
115209	-1.3242
115241	-1.968
115274	-0.9053
115306	-0.9355
115338	-1.4163
115370	-1.0878
115402	-0.9391
115434	-0.5314
115466	-0.5227
115498	-1.0331
115530	-1.6975
115573	-0.6811
115605	-1.1501
115637	-1.2112
115669	-0.8423
115701	-0.9733
115733	-0.4086
115765	-1.0453
115797	-0.7265
115829	-0.495
115861	-0.868
115893	-0.9241
115925	-0.8801
115957	-0.5166
115989	-0.9177
116021	-0.7761
116053	-0.4197
116085	-0.5778
116117	-2.0119
116149	0.1003
116203	-0.7506
116235	-0.831
116267	-0.4928
116299	-0.5798
116331	-0.4254
116363	-1.1545
116395	-1.3601
116427	-1.2495
116460	-1.3827
116492	-1.6307
116524	-1.0693
116556	-1.3124
116588	-1.3197
116620	-0.6361
116652	-0.995
116684	-0.8614
116716	-1.6349
116748	-2.2944
116847	-0.7413
116879	-0.8829
116911	-1.2427
116943	-0.8041
116975	-1.1374
117007	-0.9094
117039	-1.5615
117071	-0.6413
117103	-0.7118
117135	-0.5072
117167	-0.7957
117199	-1.2708
117231	-1.0008
117263	-0.6842
117295	-0.7939
117327	-0.7418
117359	-0.9869
117391	-0.4684
117423	-1.0032
117455	-1.5728
117487	-1.0592
117519	-0.6492
117551	-0.7454
117583	-0.8123
117615	-1.475
117647	-1.2636
117679	-1.3196
117711	-0.9906
117743	-0.8708
117775	-1.2072
117807	-0.7783
117839	-0.5151
117871	-1.2897
117903	-1.5063
117935	-1.0645
117967	-1.0349
117999	-0.8861
118031	-0.6371
118063	-1.3925
118102	-0.9921
118134	-1.5564
118166	-1.2215
118198	-0.9911
118230	-1.0795
118262	-0.8177
118294	-1.9722
118326	-0.9819
118358	-0.7344
118390	-0.555
118422	-0.7656
118454	-1.1927
118487	-1.314
118520	-0.7627
118552	-1.049
118584	-0.6371
118616	-2.1916
118648	-0.6751
118680	-1.0578
118712	-1.5636
118744	-0.8417
118776	-1.0288
118808	-2.1794
118840	-1.3904
118872	-2.1444
118904	-1.298
118936	-2.6079
118968	-0.9669
119000	-1.3865
119032	-0.8177
119064	-1.0465
119096	-0.7804
119128	-0.6553
119160	-0.9536
119192	-1.1988
119224	-1.0254
119256	-1.0545
119288	-0.8901
119320	-1.0802
119352	-0.8956
119384	-0.528
119416	-0.8382
119448	-1.1515
119480	-1.1344
119512	-0.8132
119544	-0.9328
119576	-1.4155
119608	-1.608
119640	-1.8454
119672	-1.166
119704	-0.7749
119736	-0.8583
119768	-1.1849
119801	-1.0897
119833	-1.7771
119865	-1.0332
119897	-0.7568
119929	-1.1101
119961	-0.8215
119993	-1.5915
120025	-2.5712
120068	-0.9648
120100	-0.9404
120132	-1.1399
120164	-0.4871
120196	-0.6273
120228	-0.7328
120260	-1.2294
120292	-0.9588
120324	-0.6025
120356	-1.1378
120388	-1.3393
120420	-1.2365
120452	-0.7587
120484	-2.4317
120516	-2.0397
120549	-0.761
120581	-1.1483
120613	-0.7426
120645	-1.4223
120677	-1.2792
120710	-1.0962
120742	-1.8968
120846	-1.2548
120878	-1.2595
120910	-1.4324
120942	-0.934
120974	-1.0543
121006	-1.5335
121038	-1.9402
121091	-0.93
121123	-0.4073
121155	-0.721
121187	-0.9496
121219	-2.3564
121251	-0.8176
121283	-1.1085
121315	-0.4386
121347	-1.0364
121379	-0.8064
121411	-0.8146
121443	-1.3596
121476	-0.9218
121508	-1.0922
121540	-0.4739
121572	-0.7563
121604	-0.3969
121636	-0.4235
121668	-0.946
121700	-1.8887
121732	-0.8563
121764	-1.1834
121796	-0.7768
121828	-0.9311
121860	-1.001
121892	-1.2831
121924	-1.1645
121956	-0.5347
121988	-1.0452
122020	-0.867
122052	-0.8275
122084	-0.7901
122116	-0.6313
122148	-1.1935
122180	-1.2593
122212	-1.138
122245	-1.4865
122278	-1.1741
122310	-0.6749
122342	-1.1056
122374	-0.8917
122406	-1.1888
122455	-0.9875
122487	-0.4454
122519	-0.7233
122551	-1.5189
122583	-2.1514
122615	-1.4309
122647	-0.8876
122679	-1.157
122711	-1.0471
122743	-1.0612
122775	-2.9543
122808	-0.8591
122840	-1.747
122872	-1.1495
122904	-1.3838
122936	-0.8714
122968	-0.7361
123000	-2.2838
123032	-1.0087
123064	-1.3416
123096	-0.8863
123128	-1.5762
123160	-1.2784
123192	-1.4377
123224	-1.0486
123256	-1.3213
123288	-0.5325
123320	-1.271
123352	-1.0267
123384	-1.2037
123416	-1.2679
123448	-0.6166
123480	-1.3369
123513	-1.0201
123545	-0.4347
123577	-0.9146
123609	-1.4545
123641	-1.6047
123674	-1.3789
123706	-0.8878
123738	-1.5698
123770	-0.7468
123802	-0.7214
123834	-1.4268
123866	-0.8136
123898	-1.696
123931	-1.0357
123963	-0.4638
123995	-0.8228
124027	-1.3151
124059	-0.8827
124091	-0.5254
124123	-0.5357
124155	-1.0091
124188	-0.7209
124220	-1.2149
124252	-1.7728
124349	-0.8225
124381	-0.9714
124413	-1.2141
124445	-1.2622
124477	-1.403
124509	-0.6948
124541	-0.8452
124573	-1.0337
124605	-0.9206
124637	-1.0516
124669	-1.1202
124701	-1.5325
124733	-0.9319
124765	-1.5597
124797	-1.3516
124829	-0.856
124861	-0.4429
124893	-0.9792
124925	-0.7104
124957	-1.794
124989	-1.1462
125021	-1.1503
125053	-1.6732
125085	-0.9621
125117	-1.439
125149	-1.164
125181	-1.1081
125213	-0.902
125245	-1.058
125277	-1.0291
125309	-0.6224
125341	-0.5471
125373	-0.5946
125405	-0.8543
125437	-0.6723
125469	-1.3798
125501	-0.9463
125533	-0.402
125565	-0.6506
125597	-1.8762
125629	-1.2065
125661	-0.6267
125693	-1.391
125725	-0.8984
125757	-1.5065
125789	-1.3158
125821	-0.9849
125853	-1.0807
125885	-1.2666
125917	-1.2742
125949	-0.9721
125981	-0.6836
126013	-0.6001
126045	-0.7137
126077	-0.8759
126109	-0.7396
126141	-0.7788
126173	-1.8493
126205	-1.3647
126237	-1.5609
126270	-1.2416
126302	-0.9688
126334	-0.7654
126366	-1.8895
126399	-1.4354
126431	-1.8731
126556	-1.9638
126588	-2.7995
126620	-2.0482
126652	-2.3499
126684	-1.6924
126716	-0.6817
126748	-1.0815
126780	-0.8701
126812	-0.8835
126844	-1.7075
126876	-1.0107
126908	-0.8983
126987	-1.0867
127019	-2.2124
127051	-1.0295
127083	-1.2153
127115	-1.0177
127147	-0.546
127179	-1.0288
127211	-0.9376
127243	-1.116
127275	-1.3507
127307	-1.2608
127339	-0.7368
127371	-1.4563
127404	-1.3379
127436	-1.0827
127469	-1.3184
127501	-1.0774
127533	-0.9006
127565	-1.0357
127597	-1.0316
127629	-1.13
127661	-1.612
127693	-0.9106
127725	-0.7149
127757	-1.4195
127789	-1.2059
127821	-0.7687
127853	-1.0406
127885	-0.7201
127917	-0.8625
127949	-1.0291
127981	-0.6178
128013	-0.9244
128045	-1.1952
128077	-0.6295
128109	-1.579
128142	-1.0876
128174	-1.5218
128206	-0.8026
128238	-2.113
128319	-1.1999
128351	-1.1508
128383	-0.0694
128415	-1.0381
128447	-0.8962
128479	-2.0074
128542	-1.4331
128574	-1.3816
128606	-1.201
128638	-0.5988
128670	-0.7238
128702	-1.1641
128734	-1.2026
128766	-1.6953
128798	-0.9127
128830	-1.8218
128862	-1.1084
128894	-1.6294
128926	-1.0928
128958	-1.7523
129009	-1.1864
129041	-1.3719
129073	-1.007
129105	-1.0417
129137	-1.2866
129170	-1.8774
129202	-0.7434
129234	-2.0528
129266	-1.3516
129298	-2.2247
129339	-1.6092
129371	-0.7234
129403	-1.0966
129435	-2.8912
129488	-1.4187
129520	-2.1218
129552	-0.8205
129584	-1.8154
129623	-1.1312
129655	-2.1049
129687	-0.7415
129719	-1.5019
129789	-0.8953
129821	-2.5226
129854	-1.3105
129886	-2.4095
130042	-0.8186
130074	-0.6818
130106	-0.6108
130138	-0.8398
130170	-1.241
130202	-0.9872
130234	-0.7673
130266	-1.0951
130298	-1.8275
130330	-1.1222
130362	-0.9579
130394	-0.9213
130426	-0.7995
130458	-1.5715
130520	-1.2005
130552	-0.4729
130584	-1.1402
130616	-1.0728
130649	-0.7446
130681	-1.2944
130713	-0.6391
130745	-1.3279
130777	-0.9642
130810	-1.1273
130842	-1.6325
130874	-1.7543
130906	-1.9052
130938	-2.3529
131024	-1.0091
131056	-1.0638
131088	-1.6523
131120	-1.5281
131152	-1.2083
131184	-2.1826
131216	-0.7861
131248	-1.0948
131280	-2.2047
131312	-0.717
131344	-1.1733
131376	-0.6689
131408	-1.5161
131441	-1.6318
131473	-1.0266
131505	-0.7499
131537	-0.8333
131569	-1.3938
131666	-1.0138
131698	-1.2495
131730	-0.5715
131762	-1.1227
131794	-1.4565
131826	-1.1628
131858	-1.5499
131890	-1.3347
131922	-1.0627
131954	-0.7315
131986	-1.8442
132019	-0.939
132051	-0.9501
132083	-1.7884
132115	-1.2808
132165	-0.8589
132197	-0.8657
132229	-0.8029
132261	-1.4306
132293	-1.1496
132325	-0.882
132357	-1.2536
132389	-0.9182
132421	-1.2475
132453	-0.9083
132485	-1.1638
132517	-1.3591
132573	-0.9143
132605	-0.7715
132637	-1.1161
132669	-0.9617
132701	-1.2907
132733	-0.6277
132765	-0.5658
132797	-1.1086
132829	-1.2277
132861	-0.95
132893	-1.2108
132925	-0.8395
132957	-1.8482
132989	-0.9205
133021	-2.0321
133054	-1.1471
133086	-1.1473
133118	-1.4267
133150	-1.6478
133183	-0.8681
133215	-2.1755
133247	-0.9072
133279	-0.7591
133311	-1.2689
133343	-1.9775
133375	-0.8743
133407	-0.4717
133439	-1.1558
133471	-1.1466
133503	-1.1685
133535	-1.4258
133567	-1.1357
133599	-0.6371
133631	-0.941
133663	-0.9793
133695	-0.9111
133727	-2.0586
133759	-0.5776
133791	-1.7812
133823	-0.8752
133855	-0.9175
133887	-0.7614
133919	-0.9164
133951	-0.9612
133983	-1.7535
134015	-0.6305
134047	-1.4139
134079	-0.8113
134111	-1.0966
134143	-1.952
134175	-1.2062
134207	-0.9402
134239	-0.7535
134271	-0.7902
134303	-1.3394
134335	-0.8481
134367	-0.7327
134399	-0.8952
134431	-1.0171
134463	-0.514
134495	-1.0857
134527	-0.6589
134559	-1.0544
134591	-1.0388
134623	-0.978
134705	-0.8984
134737	-1.3539
134769	-1.2107
134801	-0.6843
134833	-0.7811
134865	-1.3457
134897	-1.0856
134929	-0.5886
134961	-1.0901
134993	-0.6496
135025	-1.0194
135057	-1.4836
135089	-1.7418
135122	-0.8929
135154	-1.561
135186	-1.1795
135218	-0.8984
135250	-0.7208
135282	-0.363
135314	-1.1332
135346	-1.3852
135378	-0.6472
135410	-1.4249
135442	-1.6528
135474	-0.6744
135506	-0.9498
135538	-0.8959
135570	-0.6256
135602	-1.5732
135634	-0.6859
135666	-0.9699
135698	-0.6181
135730	-1.0715
135762	-0.8829
135794	-0.6866
135826	-1.7305
135858	-1.4922
135890	-0.5947
135922	-0.8982
135954	-0.6827
135986	-1.2025
136019	-1.1291
136051	-1.1081
136083	-1.6804
136115	-1.0939
136147	-1.4558
136179	-0.8764
136211	-0.8311
136243	-1.4785
136275	-0.7003
136307	-1.2488
136340	-1.1015
136372	-0.6337
136404	-0.9318
136436	-0.8423
136468	-0.7453
136500	-0.8208
136532	-0.7145
136564	-0.8485
136596	-0.9521
136628	-1.296
136697	-0.7262
136729	-1.0935
136761	-1.1779
136793	-0.9804
136825	-0.6807
136857	-0.9428
136889	-1.0004
136921	-1.6902
136954	-1.3007
136986	-0.7387
137018	-1.2834
137050	-1.3374
137082	-1.6154
137136	-1.1226
137168	-0.8303
137200	-1.0181
137232	-1.0538
137264	-1.0329
137296	-0.9486
137328	-0.8106
137360	-0.4587
137392	-0.5076
137424	-1.1938
137456	-1.0648
137488	-0.913
137520	-0.5688
137552	-1.5161
137592	-0.8979
137624	-1.1612
137656	-0.515
137688	-1.109
137720	-0.6369
137752	-0.4578
137784	-1.1393
137816	-0.5977
137848	-1.4183
137881	-1.1223
137913	-0.9654
137945	-0.8405
137977	-0.7718
138009	-1.9966
138041	-0.835
138073	-0.6913
138105	-0.5937
138137	-1.2478
138169	-0.6843
